11.84 10.95 10.11 9.32 8.62 8.03 7.51 7.07 6.75 6.96 7.44 8.45 10.01 11.98 14.21 16.55 18.93 21.32 23.72 26.12 28.49 30.76 32.89 34.85 36.64 38.26 39.73 41.06 42.38 43.79 45.35 47.14 49.22 51.71 54.75 58.60 63.45 69.07 74.95 80.91 86.89 92.89 98.46 103.15 106.93 109.98 112.48 114.58 116.38 117.95 
11.47 10.54 9.62 8.74 7.92 7.17 6.50 5.91 5.38 5.44 5.90 7.23 9.20 11.65 14.40 17.26 20.06 22.76 25.34 27.84 30.23 32.38 34.31 36.03 37.61 39.07 40.41 41.65 42.88 44.23 45.78 47.58 49.71 52.32 55.65 60.18 66.86 75.74 83.98 91.02 97.32 103.35 105.89 107.33 109.26 111.39 113.45 115.33 117.00 118.46 
11.21 10.24 9.28 8.33 7.38 6.45 5.56 4.78 4.09 3.72 4.47 6.18 8.61 11.64 15.10 18.66 22.00 25.04 27.83 30.46 32.82 34.78 36.38 37.77 39.04 40.23 41.37 42.45 43.55 44.81 46.31 48.08 50.23 52.90 56.40 61.46 70.68 31635497.74 44670019.01 44739337.06 44670033.83 31635533.68 115.76 112.72 112.70 113.74 115.05 116.48 117.88 119.18 
11.08 10.09 9.10 8.10 7.07 5.98 4.86 3.84 2.72 1.90 3.49 5.40 8.25 12.02 16.62 21.42 25.66 29.19 32.22 34.94 36.97 38.24 39.18 40.05 40.89 41.75 42.62 43.50 44.40 45.55 46.96 48.69 50.81 53.48 57.00 62.15 71.84 44670007.64 91195413.67 104313490.29 91195446.53 44670058.64 124.65 118.33 116.52 116.52 117.08 117.98 119.03 120.11 
11.07 10.07 9.07 8.07 7.07 5.92 4.66 3.26 1.70 0.00 2.35 5.08 8.46 12.96 19.57 27.70 34.02 38.17 41.41 44.13 43.82 42.96 42.65 42.75 43.05 43.52 44.09 44.73 45.43 46.43 47.76 49.42 51.50 54.13 57.64 62.79 72.50 44739318.40 104313471.39 155799086.05 104313524.74 44739372.87 129.65 122.63 120.25 119.45 119.36 119.79 120.44 121.23 
11.13 10.14 9.16 8.17 7.16 6.06 4.94 3.92 2.82 2.00 3.70 5.78 9.00 14.01 23.22 31635449.92 44669968.95 44739283.83 44669977.29 31635472.74 52.95 48.21 46.39 45.64 45.37 45.44 45.70 46.09 46.58 47.45 48.67 50.27 52.30 54.90 58.38 63.51 73.20 44670009.10 91195415.49 104313490.25 91195445.35 44670058.14 124.50 118.98 117.71 117.74 118.59 119.71 120.89 122.05 
11.31 10.35 9.40 8.46 7.54 6.61 5.74 4.98 4.31 4.00 4.95 7.00 10.17 15.11 24.71 44669960.44 91195365.01 104313436.91 91195386.48 44669995.11 60.60 53.04 49.99 48.49 47.72 47.41 47.37 47.53 47.83 48.56 49.69 51.22 53.20 55.76 59.20 64.28 73.74 31635501.18 44670021.27 44739337.23 44670032.39 31635532.02 115.10 113.36 113.96 115.08 116.76 118.39 119.95 121.48 
11.60 10.69 9.80 8.96 8.18 7.44 6.81 6.28 5.85 6.00 6.74 8.60 11.65 16.53 26.09 44739271.95 104313424.96 155799037.65 104313464.56 44739311.42 65.84 57.11 53.26 51.19 50.01 49.37 49.08 49.01 49.12 49.74 50.78 52.24 54.16 56.63 59.91 64.51 71.29 79.75 86.57 91.88 96.80 102.12 105.42 108.21 110.70 113.09 115.37 117.54 119.52 121.28 
12.02 11.16 10.35 9.62 9.00 8.45 8.01 7.68 7.51 7.92 8.77 10.50 13.42 18.21 27.72 44669963.64 91195371.84 104313448.21 91195396.49 44670003.54 68.62 60.25 56.14 53.69 52.20 51.29 50.76 50.48 50.45 51.02 51.95 53.30 55.10 57.40 60.35 64.12 68.70 73.84 78.78 83.81 89.01 94.68 100.14 104.78 108.86 112.44 115.52 117.88 119.86 121.61 
12.53 11.74 11.02 10.41 9.94 9.56 9.29 9.15 9.20 9.71 10.77 12.54 15.40 20.12 29.50 31635457.79 44669979.43 44739295.15 44669988.75 31635483.79 63.63 58.51 56.35 55.15 54.18 53.12 52.39 51.94 51.78 52.29 53.14 54.37 56.02 58.09 60.65 63.72 67.26 71.27 76.19 81.83 87.71 93.67 99.65 105.61 110.91 114.11 116.64 118.94 120.86 122.47 
13.22 12.49 11.85 11.33 10.95 10.72 10.61 10.61 10.87 11.49 12.67 14.50 17.31 21.63 28.53 37.49 44.78 49.53 52.88 55.40 54.66 53.35 52.67 52.43 52.52 52.86 53.41 53.36 53.10 53.52 54.30 55.42 56.90 58.73 60.93 63.60 67.02 71.73 78.70 87.92 95.52 101.90 107.98 113.00 116.29 118.10 119.44 120.88 122.35 123.73 
14.09 13.42 12.85 12.39 12.06 11.89 11.90 12.06 12.45 13.19 14.39 16.21 18.84 22.45 27.18 32.31 36.92 40.68 43.68 46.12 47.78 48.62 49.17 49.71 50.32 51.09 52.00 53.05 54.09 54.74 55.45 56.44 57.76 59.44 61.52 64.18 67.67 72.70 81.99 31635509.39 44670030.18 44739347.31 44670043.74 31635542.89 125.77 123.43 123.04 123.50 124.31 125.28 
15.15 14.54 14.01 13.59 13.29 13.12 13.17 13.44 13.93 14.75 15.94 17.66 20.00 22.96 26.45 30.11 33.53 36.57 39.20 41.51 43.48 45.04 46.27 47.34 48.44 49.63 50.92 52.32 53.79 55.27 56.50 57.53 58.76 60.33 62.33 64.92 68.40 73.52 83.19 44670018.98 91195424.87 104313500.49 91195456.35 44670068.67 134.84 128.80 126.88 126.38 126.56 127.06 
16.42 15.84 15.35 14.95 14.65 14.47 14.49 14.75 15.30 16.15 17.31 18.89 20.89 23.34 26.09 28.94 31.68 34.21 36.53 38.68 40.67 42.45 44.04 45.50 47.04 48.64 50.32 52.02 53.73 55.42 57.07 58.53 59.86 61.39 63.33 65.86 69.29 74.39 84.07 44739329.96 104328553.33 155804986.03 104328611.30 44739387.01 141.67 133.62 130.58 129.32 128.91 128.98 
17.91 17.37 16.90 16.50 16.18 15.97 15.92 16.10 16.59 17.39 18.50 19.94 21.67 23.71 25.96 28.30 30.59 32.77 34.88 36.92 38.90 40.79 42.58 44.36 46.26 48.23 50.22 52.19 54.12 55.97 57.79 59.48 60.94 62.52 64.44 66.92 70.31 75.37 85.03 44739330.92 104391655.55 168822452.97 104391715.11 44739390.72 145.56 136.98 133.14 130.74 128.97 127.70 
19.69 19.17 18.71 18.30 17.93 17.65 17.51 17.58 17.90 18.55 19.55 20.84 22.38 24.13 26.02 27.99 29.98 31.97 33.97 35.97 37.95 39.88 41.89 44.05 46.33 48.61 50.84 53.00 55.08 57.08 58.97 60.73 62.26 63.73 65.60 68.07 71.42 76.46 86.10 44739331.97 104391656.60 169015007.47 104391715.48 44739391.07 145.47 136.14 131.51 128.71 126.92 125.70 
21.85 21.34 20.88 20.42 19.96 19.55 19.27 19.20 19.35 19.86 20.75 21.93 23.36 24.95 26.66 28.52 30.43 32.37 34.29 36.20 38.07 40.10 42.27 44.65 47.18 49.75 52.22 54.56 56.77 58.89 60.84 62.55 64.00 65.26 66.94 69.31 72.61 77.62 87.25 44739333.12 104391657.74 168822454.79 104391713.16 44739388.58 142.84 133.61 129.13 126.49 124.82 123.70 
24.54 24.04 23.56 23.01 22.36 21.73 21.25 20.98 20.95 21.39 22.20 23.35 24.76 26.34 28.00 29.75 31.59 33.47 35.37 37.24 39.03 41.00 43.31 45.99 48.93 51.90 54.67 57.20 59.54 61.75 63.68 65.20 66.35 67.27 68.58 70.74 73.95 78.91 88.51 44739334.37 104328557.51 155804992.91 104328609.16 44739385.07 139.45 130.60 126.48 124.12 122.66 121.70 
28.08 27.59 27.06 26.29 25.25 24.24 23.45 22.92 22.67 23.11 23.93 25.13 26.63 28.33 30.07 31.80 33.57 35.41 37.28 39.11 40.77 42.55 44.95 48.06 51.83 55.67 58.95 61.71 64.16 66.40 68.00 68.81 69.27 69.71 70.56 72.43 75.49 80.36 89.93 44670025.85 91195433.99 104313510.65 91195460.73 44670069.29 134.68 126.85 123.45 121.56 120.43 119.71 
33.25 32.77 32.11 30.68 28.75 27.08 25.84 25.00 24.51 25.00 25.91 27.28 29.05 31.07 33.07 34.89 36.64 38.43 40.27 42.00 43.41 44.76 47.13 50.83 56.41 63.22 67.92 71.00 73.54 75.73 74.89 73.54 72.77 72.47 72.81 74.37 77.25 82.03 91.45 31635519.73 44670041.55 44739357.60 44670051.60 31635547.21 127.29 122.25 120.03 118.82 118.13 117.72 
42.98 42.50 41.21 36.86 32.82 30.13 28.32 27.14 26.44 27.02 28.12 29.79 32.08 34.91 37.65 39.71 41.50 43.26 45.07 46.37 47.10 47.68 49.75 53.85 62.07 31635487.15 44670003.19 44739316.76 44670009.45 31635504.08 83.84 78.64 76.42 75.38 75.16 76.64 79.23 83.48 90.41 99.47 106.98 112.04 115.74 118.64 118.26 117.10 116.39 115.98 115.80 115.75 
44739288.89 44669978.27 31635467.28 44.14 36.84 33.08 30.74 29.25 28.42 29.12 30.45 32.55 35.70 40.46 46.08 49.15 51.04 52.80 54.47 53.28 51.79 51.19 52.96 56.95 65.97 44670001.33 91195402.58 104313469.83 91195417.90 44670025.74 91.09 83.22 79.88 78.22 77.54 78.79 81.07 84.59 89.32 94.54 99.33 103.34 106.66 109.48 111.40 112.38 112.89 113.23 113.54 113.84 
104328512.34 91195381.65 44669984.29 49.06 40.08 35.67 32.99 31.31 30.41 31.23 32.77 35.26 39.30 47.07 31635471.15 44669984.69 44739296.88 44669988.72 31635482.65 62.24 57.11 55.02 56.43 60.22 69.24 44739314.91 104313467.96 155799077.21 104313494.50 44739341.44 95.83 87.00 82.99 80.86 79.93 80.78 82.67 85.46 88.92 92.64 96.22 99.48 102.38 104.98 107.17 108.81 109.91 110.76 111.46 112.06 
155804938.46 104313450.84 44739297.74 51.95 42.58 37.94 35.08 33.30 32.41 33.26 34.96 37.70 42.22 51.35 44669986.70 91195386.05 104313449.96 91195396.74 44670004.17 69.58 61.89 58.97 60.04 63.64 72.53 44670008.37 91195419.27 104313500.92 91195439.51 44670035.12 99.25 90.10 85.76 83.40 82.33 82.69 84.12 86.30 88.97 91.85 94.71 97.44 99.98 102.33 104.42 106.17 107.58 108.71 109.66 110.49 
104328545.90 91195398.28 44669990.11 54.19 44.74 40.01 37.09 35.28 34.40 35.25 37.02 39.90 44.57 53.98 44739299.78 104313452.87 155799059.15 104328544.33 44739320.29 74.76 66.17 62.95 63.64 67.12 75.94 31635505.28 44670029.84 44739347.93 44670043.06 31635530.33 101.96 92.78 88.30 85.80 84.69 84.66 85.68 87.31 89.38 91.66 94.02 96.34 98.57 100.67 102.61 104.32 105.79 107.05 108.16 109.16 
44739321.85 44670005.85 31635484.34 56.10 46.73 41.99 39.06 37.26 36.40 37.24 39.03 41.94 46.67 56.14 44669992.05 91195400.16 104328549.00 99957989.31 44739324.32 78.86 70.48 68.28 68.37 70.66 77.07 86.98 95.91 102.64 107.69 109.66 101.56 94.71 90.59 88.15 86.93 86.63 87.23 88.43 90.03 91.89 93.85 95.83 97.76 99.63 101.39 103.02 104.48 105.81 107.01 108.13 
76.24 71.23 63.96 55.06 48.14 43.80 40.96 39.22 38.40 39.24 41.02 43.93 48.67 58.04 31635486.28 44670007.72 44739325.26 71589802.71 44739329.93 85.40 79.81 77.78 75.60 75.34 78.93 84.13 89.76 94.75 99.15 103.00 100.65 95.94 92.52 90.29 89.05 88.55 88.82 89.63 90.86 92.35 93.98 95.67 97.35 99.01 100.62 102.15 103.59 104.95 106.22 107.44 
67.44 63.48 58.77 53.65 48.95 45.28 42.71 41.10 40.39 41.21 42.94 45.77 50.10 57.02 65.92 73.23 80.80 44739326.00 71589807.05 44739330.25 44670015.47 31635505.81 85.42 80.90 81.83 84.77 88.42 92.29 96.01 99.45 100.34 96.90 94.14 92.19 90.99 90.39 90.40 90.90 91.81 92.98 94.33 95.77 97.26 98.75 100.24 101.71 103.13 104.50 105.84 107.16 
63.74 60.44 56.77 52.96 49.45 46.53 44.38 43.13 42.53 43.11 44.69 47.25 50.92 55.63 60.73 65.88 75.44 44739321.30 98363118.93 104328553.46 91195421.67 44670027.49 93.27 86.67 85.46 86.78 89.15 91.95 94.88 97.73 100.21 97.80 95.54 93.84 92.70 92.09 92.07 92.44 93.12 94.07 95.19 96.42 97.76 99.17 100.60 102.00 103.41 104.81 106.18 107.51 
62.25 59.26 56.29 53.38 50.64 48.39 46.74 45.66 45.04 45.29 46.39 48.49 51.40 54.90 58.72 63.98 73.73 44739319.65 104328542.97 155799098.05 104313497.88 44739344.94 99.66 91.82 89.33 89.44 90.57 92.50 94.75 97.10 99.41 98.63 96.79 95.41 94.50 93.99 93.96 94.24 94.81 95.60 96.54 97.58 98.73 100.01 101.37 102.76 104.16 105.57 106.96 108.30 
63.73 61.31 58.52 55.60 53.32 51.46 50.02 48.81 48.04 47.91 48.50 49.87 52.05 54.77 58.35 63.54 73.27 44670009.17 91195415.80 104313490.35 91195435.91 44670039.97 104.64 96.18 93.21 92.33 92.63 93.65 95.28 97.15 99.09 99.78 98.44 97.39 96.64 96.21 96.19 96.42 96.91 97.59 98.37 99.21 100.17 101.33 102.61 103.97 105.36 106.76 108.15 109.47 
66.91 65.20 62.73 60.07 58.04 56.37 54.87 53.22 51.75 51.00 50.99 51.70 53.22 55.64 59.05 64.07 73.51 31635501.18 44670021.81 44739337.28 44670031.04 31635526.89 106.73 100.21 96.73 95.20 94.92 95.34 96.28 97.71 99.57 101.26 100.69 99.91 99.29 98.95 98.94 99.13 99.57 100.13 100.70 101.30 102.10 103.16 104.38 105.69 107.06 108.46 109.83 111.10 
71.55 72.13 71.88 69.44 67.51 65.90 63.86 59.61 56.23 54.49 53.76 53.88 54.87 56.88 59.99 64.53 71.42 80.09 87.08 91.69 95.15 98.11 98.53 98.21 98.95 97.94 97.25 97.23 97.86 98.95 100.63 102.78 103.63 103.21 102.80 102.52 102.52 102.70 103.08 103.46 103.67 103.87 104.58 105.61 106.78 108.06 109.40 110.79 112.12 113.28 
77.09 81.80 31635501.02 44670005.38 44739313.34 44670001.57 31635490.13 67.46 60.91 58.03 56.65 56.21 56.84 58.43 61.05 64.71 69.42 74.51 79.09 82.89 86.05 89.06 91.66 93.71 95.89 97.95 99.42 99.47 99.90 100.69 102.24 104.57 106.95 107.86 107.92 107.71 107.71 107.88 108.20 108.06 107.45 106.95 107.86 108.97 110.13 111.37 112.69 114.06 115.29 116.18 
82.94 90.97 44670025.52 91195415.74 104313466.38 91195405.35 44670008.49 73.50 65.04 61.34 59.46 58.58 58.86 60.08 62.20 65.10 68.59 72.27 75.76 78.92 81.81 84.87 87.94 90.94 93.94 96.94 99.93 101.94 102.45 103.02 104.35 106.75 110.32 114.32 117.40 117.44 117.44 117.61 117.63 114.81 112.17 110.81 112.36 113.93 115.16 116.39 117.69 119.03 119.90 119.96 
88.89 98.67 44739344.59 104328569.02 155738315.72 104197691.47 44687509.35 77.59 68.48 64.31 62.09 61.16 61.13 61.86 63.44 65.69 68.39 71.27 74.08 76.85 79.64 82.79 86.37 90.23 94.18 97.95 101.33 104.44 105.68 106.01 106.89 109.21 113.45 121.27 31635544.09 44670053.30 44739363.35 44670053.48 31635544.82 123.22 117.50 115.67 119.02 123.04 124.79 126.03 127.31 128.53 126.92 124.80 
98.87 106.72 44739346.03 104391668.47 147067343.48 100150535.23 44436405.67 80.67 71.45 67.24 65.29 64.16 63.77 64.04 64.90 66.53 68.63 70.93 73.30 75.87 78.95 82.80 87.56 92.68 96.97 101.08 104.94 108.51 110.06 109.84 109.96 111.90 116.18 125.34 44670060.68 91195457.40 104313516.35 91195459.38 44670064.73 130.17 122.83 121.29 127.91 31635549.97 44670060.53 44739371.91 44670063.24 31635556.82 136.25 130.41 
44739344.87 44739352.07 71582898.02 121766996.36 97713580.87 63703906.38 37225390.83 83.87 75.10 71.87 69.61 67.80 66.80 66.56 66.86 67.75 69.25 71.08 73.26 75.92 79.29 83.79 90.40 98.69 105.05 109.67 113.73 117.30 116.70 114.58 113.51 115.15 119.13 128.26 44739373.97 104313527.12 155799128.01 104313533.99 44739381.01 135.80 128.17 127.16 135.22 44670070.00 91195465.56 104313524.93 91195471.83 44670079.75 144.92 136.29 
104391669.53 104391676.52 121760768.71 104391682.23 44739357.43 111.02 99.80 90.13 84.08 80.59 75.85 72.18 70.20 69.28 69.08 69.45 70.32 71.77 73.81 76.42 79.88 84.93 94.11 31635520.81 44670039.88 44739355.19 44670049.52 31635545.59 125.34 119.77 117.36 118.65 122.38 131.34 44670067.14 91195472.11 104313540.91 91195478.54 44670076.65 141.31 133.92 133.12 141.46 44687572.87 104197754.99 155738376.76 104313551.46 44739398.23 152.23 142.24 
166609981.61 168968467.57 163702763.76 141783939.64 95497649.96 64345658.52 57397603.47 44739334.89 44670019.49 31635506.50 83.49 76.71 73.64 72.08 71.40 71.35 71.78 72.91 74.71 77.21 80.64 85.74 95.40 44670031.16 91195435.83 104313508.29 91195458.53 44670066.95 132.27 124.36 121.31 122.25 125.81 134.65 31635561.51 44670076.21 44739387.77 44670079.64 31635571.31 147.04 139.81 139.11 147.50 44436471.87 95673730.73 104328651.87 91195507.74 44670095.15 158.65 148.23 
104391709.26 104391708.48 104391707.98 104391708.93 104391712.92 122040483.65 114887304.67 104328558.23 91195422.20 44670024.33 89.28 80.68 76.84 74.79 73.74 73.32 73.41 74.30 75.92 78.29 81.64 86.69 96.35 44739342.23 104313495.25 155799108.10 104313535.37 44739382.65 137.13 128.56 125.29 125.72 128.73 133.68 138.70 140.63 141.96 143.82 146.47 147.33 145.35 145.10 153.52 37225459.37 52272539.01 44739429.73 44670119.78 31635595.02 164.69 154.22 
44739384.63 44739383.84 44739383.35 44739384.28 44739388.33 72800919.87 123317095.51 155799106.93 104313491.84 44739338.77 93.07 83.99 79.72 77.34 75.96 75.26 75.09 75.97 77.42 79.64 82.88 87.87 97.49 44670033.42 91195440.85 104313516.12 91195464.77 44670072.44 137.85 130.26 127.38 125.82 126.63 128.17 129.81 131.06 132.53 134.45 137.57 141.79 147.19 150.71 156.27 166.12 177.41 189.09 185.88 177.10 167.22 159.80 
138.75 137.94 137.43 138.34 142.53 44670075.89 91195467.02 104313517.44 91195440.63 44670031.96 96.07 86.81 82.32 79.69 78.09 77.16 76.80 77.66 79.06 81.19 84.35 89.26 98.73 31635526.70 44670047.65 44739363.04 44670056.52 31635551.51 131.31 126.10 123.85 122.63 122.84 123.76 124.90 126.15 127.66 129.94 134.10 141.14 150.88 158.96 164.33 172.20 181.97 187.42 179.83 174.06 168.67 164.49 
129.08 128.23 127.70 128.51 133.14 31635553.12 44670057.98 44739364.37 44670048.70 31635526.95 98.54 89.27 84.68 81.87 80.09 78.98 78.51 79.31 80.70 82.78 85.79 90.26 97.17 105.92 112.91 117.40 120.64 123.13 122.37 120.97 120.15 119.71 119.80 120.56 121.61 122.87 124.64 127.65 132.53 142.09 31635570.57 44670093.66 44739409.68 44670107.44 31635609.65 188.85 179.19 174.04 170.60 168.27 
124.02 123.08 122.48 122.96 124.14 124.73 122.11 118.74 114.05 106.79 97.85 90.97 86.67 83.82 81.94 80.74 80.21 80.91 82.24 84.23 86.95 90.64 95.35 100.38 104.84 108.48 111.41 113.85 115.49 116.25 116.63 116.95 117.34 118.11 119.17 120.61 122.86 126.15 131.17 140.75 44670076.68 91195485.48 104313563.10 91195516.83 44670125.56 190.06 180.58 175.72 172.80 171.32 
120.64 119.59 118.84 118.21 117.25 115.49 112.91 109.88 106.15 101.59 96.49 91.77 88.16 85.47 83.62 82.43 81.88 82.45 83.66 85.47 87.85 90.85 94.34 97.95 101.32 104.30 106.91 109.22 111.17 112.62 113.64 114.51 115.30 116.16 117.36 119.15 121.61 125.01 130.06 139.73 44739385.61 104313538.59 155799153.65 104313590.07 44739437.23 191.89 182.49 177.90 175.31 173.93 
118.22 117.01 115.93 114.63 112.99 110.89 108.47 105.77 102.72 99.31 95.67 92.17 89.19 86.86 85.14 84.02 83.48 83.94 84.99 86.57 88.61 91.08 93.83 96.66 99.38 101.91 104.23 106.36 108.28 109.92 111.30 112.49 113.55 114.61 116.09 118.06 120.62 124.06 129.16 138.82 44670074.59 91195480.46 104313556.90 91195512.99 44670124.90 190.71 183.86 180.38 177.89 176.41 
116.42 115.08 113.67 112.05 110.21 108.12 105.87 103.46 100.87 98.11 95.26 92.51 90.06 88.07 86.54 85.52 85.01 85.36 86.24 87.60 89.34 91.39 93.64 95.96 98.25 100.44 102.52 104.49 106.33 108.01 109.54 110.91 112.15 113.47 115.12 117.18 119.78 123.23 128.26 137.44 31635564.43 44670085.63 44739403.67 44670100.44 31635600.29 182.37 179.33 179.31 180.24 178.83 
115.12 113.65 112.06 110.32 108.41 106.37 104.25 102.07 99.81 97.48 95.15 92.90 90.87 89.15 87.82 86.91 86.45 86.71 87.45 88.59 90.06 91.78 93.67 95.63 97.60 99.53 101.41 103.24 105.01 106.69 108.28 109.74 111.10 112.60 114.35 116.45 119.03 122.33 126.84 133.51 142.38 150.59 157.63 163.93 169.95 172.49 173.94 175.87 178.00 180.11 
114.24 112.64 110.92 109.08 107.16 105.18 103.18 101.18 99.18 97.20 95.24 93.35 91.64 90.17 89.02 88.22 87.80 87.98 88.59 89.55 90.80 92.26 93.86 95.54 97.24 98.95 100.66 102.38 104.08 105.75 107.35 108.88 110.36 111.95 113.75 115.83 118.31 121.36 125.20 130.06 135.68 141.56 147.51 153.50 159.49 165.07 169.76 173.54 176.59 179.09 
