1.00 1.00 1.00 1.00 1.00 0.93 0.86 0.79 0.72 0.65 0.59 0.53 0.49 0.45 0.42 0.42 0.42 0.42 0.42 0.42 0.42 0.45 0.49 0.53 0.59 0.65 0.72 0.79 0.77 0.69 0.61 0.53 0.45 0.37 0.30 0.24 0.19 0.17 0.17 0.17 0.17 0.17 0.19 0.24 0.30 0.37 0.45 0.53 0.61 0.69 
1.00 1.00 1.00 1.00 0.98 0.90 0.82 0.75 0.67 0.60 0.53 0.47 0.42 0.37 0.34 0.33 0.33 0.33 0.33 0.33 0.34 0.37 0.42 0.47 0.53 0.60 0.67 0.75 0.75 0.67 0.59 0.51 0.42 0.34 0.26 0.19 0.12 0.08 0.08 0.08 0.08 0.08 0.12 0.19 0.26 0.34 0.42 0.51 0.59 0.67 
1.00 1.00 1.00 1.00 0.95 0.87 0.79 0.71 0.63 0.56 0.49 0.42 0.35 0.30 0.26 0.25 0.25 0.25 0.25 0.25 0.26 0.30 0.35 0.42 0.49 0.56 0.63 0.71 0.75 0.67 0.58 0.50 0.42 0.33 0.25 0.17 0.08 0.00 0.00 0.00 0.00 0.00 0.08 0.17 0.25 0.33 0.42 0.50 0.58 0.67 
1.00 1.00 1.00 1.00 0.93 0.85 0.77 0.69 0.61 0.53 0.45 0.37 0.30 0.24 0.19 0.17 0.17 0.17 0.17 0.17 0.19 0.24 0.30 0.37 0.45 0.53 0.61 0.69 0.75 0.67 0.58 0.50 0.42 0.33 0.25 0.17 0.08 0.00 0.00 0.00 0.00 0.00 0.08 0.17 0.25 0.33 0.42 0.50 0.58 0.67 
1.00 1.00 1.00 1.00 0.92 0.84 0.75 0.67 0.59 0.51 0.42 0.34 0.26 0.19 0.12 0.08 0.08 0.08 0.08 0.08 0.12 0.19 0.26 0.34 0.42 0.51 0.59 0.67 0.75 0.67 0.58 0.50 0.42 0.33 0.25 0.17 0.08 0.00 0.00 0.00 0.00 0.00 0.08 0.17 0.25 0.33 0.42 0.50 0.58 0.67 
1.00 1.00 1.00 1.00 0.92 0.83 0.75 0.67 0.58 0.50 0.42 0.33 0.25 0.17 0.08 0.00 0.00 0.00 0.00 0.00 0.08 0.17 0.25 0.33 0.42 0.50 0.58 0.67 0.75 0.67 0.58 0.50 0.42 0.33 0.25 0.17 0.08 0.00 0.00 0.00 0.00 0.00 0.08 0.17 0.25 0.33 0.42 0.50 0.58 0.67 
1.00 1.00 1.00 1.00 0.92 0.83 0.75 0.67 0.58 0.50 0.42 0.33 0.25 0.17 0.08 0.00 0.00 0.00 0.00 0.00 0.08 0.17 0.25 0.33 0.42 0.50 0.58 0.67 0.75 0.67 0.58 0.50 0.42 0.33 0.25 0.17 0.08 0.00 0.00 0.00 0.00 0.00 0.08 0.17 0.25 0.33 0.42 0.50 0.58 0.65 
1.00 1.00 1.00 1.00 0.92 0.83 0.75 0.67 0.58 0.50 0.42 0.33 0.25 0.17 0.08 0.00 0.00 0.00 0.00 0.00 0.08 0.17 0.25 0.33 0.42 0.50 0.58 0.67 0.75 0.67 0.59 0.51 0.42 0.34 0.26 0.19 0.12 0.08 0.08 0.08 0.08 0.08 0.12 0.19 0.26 0.34 0.42 0.47 0.53 0.60 
1.00 1.00 1.00 1.00 0.92 0.83 0.75 0.67 0.58 0.50 0.42 0.33 0.25 0.17 0.08 0.00 0.00 0.00 0.00 0.00 0.08 0.17 0.25 0.33 0.42 0.50 0.58 0.67 0.75 0.69 0.61 0.53 0.45 0.37 0.30 0.24 0.19 0.17 0.17 0.17 0.17 0.17 0.19 0.24 0.26 0.30 0.35 0.42 0.49 0.56 
1.00 1.00 1.00 1.00 0.92 0.83 0.75 0.67 0.58 0.50 0.42 0.33 0.25 0.17 0.08 0.00 0.00 0.00 0.00 0.00 0.08 0.17 0.25 0.33 0.42 0.50 0.58 0.67 0.75 0.71 0.63 0.56 0.49 0.42 0.35 0.30 0.26 0.24 0.19 0.17 0.17 0.17 0.17 0.17 0.19 0.24 0.30 0.37 0.45 0.53 
0.92 0.92 0.92 0.92 0.92 0.84 0.75 0.67 0.59 0.51 0.42 0.34 0.26 0.19 0.12 0.08 0.08 0.08 0.08 0.08 0.12 0.19 0.26 0.34 0.42 0.51 0.59 0.67 0.75 0.75 0.67 0.60 0.53 0.47 0.42 0.34 0.26 0.19 0.12 0.08 0.08 0.08 0.08 0.08 0.12 0.19 0.26 0.34 0.42 0.51 
0.83 0.83 0.83 0.84 0.85 0.85 0.77 0.69 0.61 0.53 0.45 0.37 0.30 0.24 0.19 0.17 0.17 0.17 0.17 0.17 0.19 0.24 0.30 0.37 0.45 0.53 0.61 0.69 0.75 0.75 0.72 0.65 0.58 0.50 0.42 0.33 0.25 0.17 0.08 0.00 0.00 0.00 0.00 0.00 0.08 0.17 0.25 0.33 0.42 0.50 
0.75 0.75 0.75 0.75 0.77 0.79 0.79 0.71 0.63 0.56 0.49 0.42 0.35 0.30 0.26 0.25 0.25 0.25 0.25 0.25 0.26 0.30 0.35 0.42 0.49 0.56 0.63 0.67 0.67 0.67 0.67 0.67 0.58 0.50 0.42 0.33 0.25 0.17 0.08 0.00 0.00 0.00 0.00 0.00 0.08 0.17 0.25 0.33 0.42 0.50 
0.67 0.67 0.67 0.67 0.69 0.71 0.75 0.75 0.67 0.60 0.53 0.47 0.42 0.37 0.34 0.33 0.33 0.33 0.33 0.33 0.34 0.37 0.42 0.47 0.53 0.58 0.58 0.58 0.58 0.58 0.59 0.61 0.58 0.50 0.42 0.33 0.25 0.17 0.08 0.00 0.00 0.00 0.00 0.00 0.08 0.17 0.25 0.33 0.42 0.50 
0.58 0.58 0.58 0.59 0.61 0.63 0.67 0.72 0.72 0.65 0.59 0.53 0.49 0.45 0.42 0.42 0.42 0.42 0.42 0.42 0.42 0.45 0.49 0.53 0.51 0.50 0.50 0.50 0.50 0.50 0.51 0.53 0.56 0.50 0.42 0.33 0.25 0.17 0.08 0.00 0.00 0.00 0.00 0.00 0.08 0.17 0.25 0.33 0.42 0.50 
0.50 0.50 0.50 0.51 0.53 0.56 0.60 0.65 0.71 0.71 0.65 0.60 0.56 0.53 0.51 0.50 0.50 0.50 0.50 0.50 0.51 0.53 0.49 0.45 0.42 0.42 0.42 0.42 0.42 0.42 0.42 0.45 0.49 0.50 0.42 0.33 0.25 0.17 0.08 0.00 0.00 0.00 0.00 0.00 0.08 0.17 0.25 0.33 0.42 0.50 
0.42 0.42 0.42 0.42 0.45 0.49 0.53 0.59 0.65 0.65 0.60 0.56 0.53 0.51 0.50 0.50 0.50 0.50 0.50 0.51 0.53 0.47 0.42 0.37 0.34 0.33 0.33 0.33 0.33 0.33 0.34 0.37 0.42 0.47 0.42 0.33 0.25 0.17 0.08 0.00 0.00 0.00 0.00 0.00 0.08 0.17 0.25 0.33 0.42 0.50 
0.33 0.33 0.33 0.34 0.37 0.42 0.47 0.53 0.60 0.59 0.53 0.49 0.45 0.42 0.42 0.42 0.42 0.42 0.42 0.42 0.45 0.42 0.35 0.30 0.26 0.25 0.25 0.25 0.25 0.25 0.26 0.30 0.35 0.42 0.42 0.33 0.25 0.17 0.08 0.00 0.00 0.00 0.00 0.00 0.08 0.17 0.25 0.33 0.42 0.50 
0.25 0.25 0.25 0.26 0.30 0.35 0.42 0.49 0.56 0.53 0.47 0.42 0.37 0.34 0.33 0.33 0.33 0.33 0.33 0.34 0.37 0.37 0.30 0.24 0.19 0.17 0.17 0.17 0.17 0.17 0.19 0.24 0.30 0.37 0.42 0.33 0.25 0.17 0.08 0.00 0.00 0.00 0.00 0.00 0.08 0.17 0.25 0.33 0.42 0.50 
0.17 0.17 0.17 0.19 0.24 0.30 0.37 0.45 0.53 0.49 0.42 0.35 0.30 0.26 0.25 0.25 0.25 0.25 0.25 0.26 0.30 0.34 0.26 0.19 0.12 0.08 0.08 0.08 0.08 0.08 0.12 0.19 0.26 0.34 0.42 0.33 0.25 0.17 0.08 0.00 0.00 0.00 0.00 0.00 0.08 0.17 0.25 0.33 0.42 0.50 
0.08 0.08 0.08 0.12 0.19 0.26 0.34 0.42 0.51 0.45 0.37 0.30 0.24 0.19 0.17 0.17 0.17 0.17 0.17 0.19 0.24 0.30 0.25 0.17 0.08 0.00 0.00 0.00 0.00 0.00 0.08 0.17 0.25 0.33 0.42 0.34 0.26 0.19 0.12 0.08 0.08 0.08 0.08 0.08 0.12 0.19 0.26 0.34 0.42 0.51 
0.00 0.00 0.00 0.08 0.17 0.25 0.33 0.42 0.50 0.42 0.34 0.26 0.19 0.12 0.08 0.08 0.08 0.08 0.08 0.12 0.19 0.26 0.25 0.17 0.08 0.00 0.00 0.00 0.00 0.00 0.08 0.17 0.25 0.33 0.42 0.37 0.30 0.24 0.19 0.17 0.17 0.17 0.17 0.17 0.19 0.24 0.30 0.37 0.45 0.53 
0.00 0.00 0.00 0.08 0.17 0.25 0.33 0.42 0.50 0.42 0.33 0.25 0.17 0.08 0.00 0.00 0.00 0.00 0.00 0.08 0.17 0.25 0.25 0.17 0.08 0.00 0.00 0.00 0.00 0.00 0.08 0.17 0.25 0.33 0.42 0.42 0.35 0.30 0.26 0.25 0.25 0.25 0.25 0.25 0.26 0.30 0.35 0.42 0.49 0.56 
0.00 0.00 0.00 0.08 0.17 0.25 0.33 0.42 0.50 0.42 0.33 0.25 0.17 0.08 0.00 0.00 0.00 0.00 0.00 0.08 0.17 0.25 0.25 0.17 0.08 0.00 0.00 0.00 0.00 0.00 0.08 0.17 0.25 0.33 0.42 0.47 0.42 0.37 0.34 0.33 0.33 0.33 0.33 0.33 0.34 0.37 0.42 0.47 0.53 0.60 
0.00 0.00 0.00 0.08 0.17 0.25 0.33 0.42 0.50 0.42 0.33 0.25 0.17 0.08 0.00 0.00 0.00 0.00 0.00 0.08 0.17 0.25 0.25 0.17 0.08 0.00 0.00 0.00 0.00 0.00 0.08 0.17 0.25 0.33 0.42 0.50 0.49 0.45 0.42 0.42 0.42 0.42 0.42 0.42 0.42 0.45 0.49 0.53 0.59 0.65 
0.00 0.00 0.00 0.08 0.17 0.25 0.33 0.42 0.50 0.42 0.33 0.25 0.17 0.08 0.00 0.00 0.00 0.00 0.00 0.08 0.17 0.17 0.19 0.19 0.12 0.08 0.08 0.08 0.08 0.08 0.12 0.19 0.26 0.34 0.42 0.51 0.56 0.53 0.51 0.50 0.50 0.50 0.50 0.50 0.51 0.53 0.56 0.60 0.65 0.71 
0.08 0.08 0.08 0.12 0.19 0.26 0.34 0.42 0.50 0.42 0.33 0.25 0.17 0.08 0.00 0.00 0.00 0.00 0.00 0.08 0.08 0.08 0.12 0.19 0.19 0.17 0.17 0.17 0.17 0.17 0.19 0.24 0.30 0.37 0.45 0.53 0.61 0.61 0.59 0.58 0.58 0.58 0.58 0.58 0.59 0.61 0.63 0.67 0.72 0.77 
0.17 0.17 0.17 0.19 0.24 0.30 0.37 0.45 0.51 0.42 0.34 0.26 0.19 0.12 0.08 0.08 0.08 0.00 0.00 0.00 0.00 0.00 0.08 0.17 0.25 0.25 0.25 0.25 0.25 0.25 0.26 0.30 0.35 0.42 0.49 0.56 0.63 0.67 0.67 0.67 0.67 0.67 0.67 0.67 0.67 0.69 0.71 0.75 0.75 0.77 
0.25 0.25 0.25 0.26 0.30 0.35 0.42 0.42 0.45 0.45 0.37 0.30 0.24 0.19 0.17 0.17 0.08 0.00 0.00 0.00 0.00 0.00 0.08 0.17 0.25 0.33 0.33 0.33 0.33 0.33 0.34 0.37 0.42 0.47 0.53 0.58 0.58 0.58 0.58 0.59 0.61 0.63 0.67 0.67 0.67 0.67 0.67 0.67 0.67 0.69 
0.33 0.33 0.33 0.33 0.33 0.33 0.33 0.34 0.37 0.42 0.42 0.35 0.30 0.26 0.25 0.17 0.08 0.00 0.00 0.00 0.00 0.00 0.08 0.17 0.25 0.33 0.42 0.42 0.42 0.42 0.42 0.45 0.49 0.51 0.50 0.50 0.50 0.50 0.50 0.51 0.53 0.56 0.59 0.58 0.58 0.58 0.58 0.58 0.59 0.61 
0.30 0.26 0.25 0.25 0.25 0.25 0.25 0.26 0.30 0.35 0.42 0.42 0.37 0.33 0.25 0.17 0.08 0.00 0.00 0.00 0.00 0.00 0.08 0.17 0.25 0.33 0.42 0.50 0.50 0.50 0.51 0.49 0.45 0.42 0.42 0.42 0.42 0.42 0.42 0.42 0.45 0.49 0.51 0.50 0.50 0.50 0.50 0.50 0.51 0.53 
0.24 0.19 0.17 0.17 0.17 0.17 0.17 0.19 0.24 0.30 0.37 0.45 0.42 0.33 0.25 0.17 0.08 0.00 0.00 0.00 0.00 0.00 0.08 0.17 0.25 0.33 0.42 0.50 0.58 0.53 0.47 0.42 0.37 0.34 0.33 0.33 0.33 0.33 0.33 0.34 0.37 0.42 0.42 0.42 0.42 0.42 0.42 0.42 0.42 0.45 
0.19 0.12 0.08 0.08 0.08 0.08 0.08 0.12 0.19 0.26 0.34 0.42 0.42 0.34 0.26 0.19 0.12 0.08 0.08 0.08 0.08 0.08 0.12 0.19 0.26 0.34 0.42 0.50 0.51 0.49 0.42 0.35 0.30 0.26 0.25 0.25 0.25 0.25 0.25 0.26 0.30 0.35 0.34 0.33 0.33 0.33 0.33 0.33 0.34 0.37 
0.17 0.08 0.00 0.00 0.00 0.00 0.00 0.08 0.17 0.25 0.33 0.42 0.45 0.37 0.30 0.24 0.19 0.17 0.17 0.17 0.17 0.17 0.19 0.24 0.30 0.37 0.42 0.42 0.42 0.45 0.37 0.30 0.24 0.19 0.17 0.17 0.17 0.17 0.17 0.19 0.24 0.30 0.26 0.25 0.25 0.25 0.25 0.25 0.26 0.30 
0.17 0.08 0.00 0.00 0.00 0.00 0.00 0.08 0.17 0.25 0.33 0.42 0.49 0.42 0.35 0.30 0.26 0.25 0.25 0.25 0.25 0.25 0.26 0.30 0.33 0.33 0.33 0.33 0.34 0.37 0.34 0.26 0.19 0.12 0.08 0.08 0.08 0.08 0.08 0.12 0.19 0.24 0.19 0.17 0.17 0.17 0.17 0.17 0.19 0.24 
0.17 0.08 0.00 0.00 0.00 0.00 0.00 0.08 0.17 0.25 0.33 0.37 0.42 0.47 0.42 0.37 0.34 0.33 0.33 0.33 0.33 0.30 0.26 0.25 0.25 0.25 0.25 0.25 0.26 0.30 0.33 0.25 0.17 0.08 0.00 0.00 0.00 0.00 0.00 0.08 0.17 0.19 0.12 0.08 0.08 0.08 0.08 0.08 0.12 0.19 
0.08 0.08 0.00 0.00 0.00 0.00 0.00 0.08 0.17 0.25 0.26 0.30 0.35 0.42 0.49 0.45 0.42 0.42 0.42 0.37 0.30 0.24 0.19 0.17 0.17 0.17 0.17 0.17 0.19 0.24 0.30 0.25 0.17 0.08 0.00 0.00 0.00 0.00 0.00 0.08 0.17 0.17 0.08 0.00 0.00 0.00 0.00 0.00 0.08 0.17 
0.00 0.00 0.00 0.00 0.00 0.00 0.00 0.08 0.17 0.17 0.19 0.24 0.30 0.37 0.45 0.53 0.51 0.50 0.42 0.34 0.26 0.19 0.12 0.08 0.08 0.08 0.08 0.08 0.12 0.19 0.26 0.25 0.17 0.08 0.00 0.00 0.00 0.00 0.00 0.08 0.17 0.17 0.08 0.00 0.00 0.00 0.00 0.00 0.08 0.17 
0.00 0.00 0.00 0.00 0.00 0.08 0.08 0.08 0.08 0.08 0.12 0.19 0.26 0.34 0.42 0.51 0.58 0.50 0.42 0.33 0.25 0.17 0.08 0.00 0.00 0.00 0.00 0.00 0.08 0.17 0.25 0.25 0.17 0.08 0.00 0.00 0.00 0.00 0.00 0.08 0.17 0.17 0.08 0.00 0.00 0.00 0.00 0.00 0.08 0.17 
0.00 0.00 0.00 0.00 0.00 0.00 0.00 0.00 0.00 0.00 0.08 0.17 0.25 0.33 0.42 0.50 0.58 0.50 0.42 0.33 0.25 0.17 0.08 0.00 0.00 0.00 0.00 0.00 0.08 0.17 0.25 0.25 0.17 0.08 0.00 0.00 0.00 0.00 0.00 0.08 0.17 0.17 0.08 0.00 0.00 0.00 0.00 0.00 0.08 0.17 
0.00 0.00 0.00 0.00 0.00 0.00 0.00 0.00 0.00 0.00 0.08 0.17 0.25 0.33 0.42 0.50 0.58 0.50 0.42 0.33 0.25 0.17 0.08 0.00 0.00 0.00 0.00 0.00 0.08 0.17 0.25 0.26 0.19 0.12 0.08 0.08 0.08 0.08 0.08 0.12 0.19 0.17 0.08 0.00 0.00 0.00 0.00 0.00 0.08 0.17 
0.00 0.00 0.00 0.00 0.00 0.00 0.00 0.00 0.00 0.00 0.08 0.17 0.25 0.33 0.42 0.50 0.58 0.50 0.42 0.33 0.25 0.17 0.08 0.00 0.00 0.00 0.00 0.00 0.08 0.17 0.25 0.30 0.24 0.19 0.17 0.17 0.17 0.17 0.17 0.19 0.17 0.17 0.12 0.08 0.08 0.08 0.08 0.08 0.12 0.19 
0.08 0.08 0.08 0.08 0.08 0.00 0.00 0.00 0.00 0.00 0.08 0.17 0.25 0.33 0.42 0.50 0.58 0.50 0.42 0.33 0.25 0.17 0.08 0.00 0.00 0.00 0.00 0.00 0.08 0.17 0.25 0.33 0.30 0.26 0.25 0.25 0.25 0.25 0.19 0.12 0.08 0.08 0.08 0.08 0.08 0.12 0.17 0.17 0.19 0.24 
0.17 0.17 0.17 0.17 0.08 0.00 0.00 0.00 0.00 0.00 0.08 0.17 0.25 0.33 0.42 0.50 0.58 0.51 0.42 0.34 0.26 0.19 0.12 0.08 0.08 0.08 0.08 0.08 0.12 0.19 0.26 0.34 0.37 0.34 0.33 0.33 0.33 0.25 0.17 0.08 0.00 0.00 0.00 0.00 0.00 0.08 0.17 0.25 0.26 0.30 
0.25 0.25 0.25 0.19 0.12 0.08 0.08 0.08 0.08 0.08 0.12 0.19 0.26 0.34 0.42 0.51 0.59 0.53 0.45 0.37 0.30 0.24 0.19 0.17 0.17 0.17 0.17 0.17 0.19 0.24 0.30 0.37 0.45 0.42 0.42 0.42 0.33 0.25 0.17 0.08 0.00 0.00 0.00 0.00 0.00 0.08 0.17 0.25 0.33 0.37 
0.33 0.33 0.30 0.24 0.19 0.17 0.17 0.17 0.17 0.17 0.19 0.24 0.30 0.37 0.45 0.53 0.61 0.56 0.49 0.42 0.35 0.30 0.26 0.25 0.25 0.25 0.25 0.25 0.26 0.30 0.35 0.42 0.49 0.51 0.50 0.42 0.33 0.25 0.17 0.08 0.00 0.00 0.00 0.00 0.00 0.08 0.17 0.25 0.33 0.42 
0.42 0.42 0.35 0.30 0.26 0.25 0.25 0.25 0.25 0.25 0.26 0.30 0.35 0.42 0.49 0.56 0.63 0.60 0.53 0.47 0.42 0.37 0.34 0.33 0.33 0.33 0.33 0.33 0.34 0.37 0.42 0.47 0.53 0.58 0.50 0.42 0.33 0.25 0.17 0.08 0.00 0.00 0.00 0.00 0.00 0.08 0.17 0.25 0.33 0.42 
0.50 0.47 0.42 0.37 0.34 0.33 0.33 0.33 0.33 0.33 0.34 0.37 0.42 0.47 0.53 0.60 0.67 0.65 0.59 0.53 0.49 0.45 0.42 0.42 0.42 0.42 0.42 0.42 0.42 0.45 0.49 0.53 0.59 0.58 0.50 0.42 0.33 0.25 0.17 0.08 0.00 0.00 0.00 0.00 0.00 0.08 0.17 0.25 0.33 0.42 
0.58 0.53 0.49 0.45 0.42 0.42 0.42 0.42 0.42 0.42 0.42 0.45 0.49 0.53 0.59 0.65 0.72 0.71 0.65 0.60 0.56 0.53 0.51 0.50 0.50 0.50 0.50 0.50 0.51 0.53 0.56 0.60 0.65 0.59 0.51 0.42 0.34 0.26 0.19 0.12 0.08 0.08 0.08 0.08 0.08 0.12 0.19 0.26 0.34 0.42 
0.65 0.60 0.56 0.53 0.51 0.50 0.50 0.50 0.50 0.50 0.51 0.53 0.56 0.60 0.65 0.71 0.77 0.77 0.72 0.67 0.63 0.61 0.59 0.58 0.58 0.58 0.58 0.58 0.59 0.61 0.63 0.67 0.69 0.61 0.53 0.45 0.37 0.30 0.24 0.19 0.17 0.17 0.17 0.17 0.17 0.19 0.24 0.30 0.37 0.45 
