50 50
1.00 1.00 1.00 1.00 1.00 1.00 1.00 1.00 1.00 0.90 0.75 0.60 0.47 0.37 0.33 0.33 0.33 0.37 0.47 0.60 0.75 0.90 1.00 0.83 0.67 0.50 0.33 0.17 0.00 0.00 0.00 0.17 0.33 0.50 0.67 0.83 1.00 1.00 1.00 1.00 1.00 1.00 1.00 1.00 1.00 1.00 1.00 1.00 1.00 1.00 
1.00 1.00 1.00 1.00 1.00 1.00 1.00 1.00 1.00 0.85 0.69 0.53 0.37 0.24 0.17 0.17 0.17 0.24 0.37 0.53 0.69 0.85 1.00 0.83 0.67 0.50 0.33 0.17 0.00 0.00 0.00 0.17 0.33 0.50 0.67 0.83 1.00 1.00 1.00 1.00 1.00 1.00 1.00 1.00 1.00 1.00 1.00 1.00 1.00 1.00 
1.00 1.00 1.00 1.00 1.00 1.00 1.00 1.00 1.00 0.83 0.67 0.50 0.33 0.17 0.00 0.00 0.00 0.17 0.33 0.50 0.67 0.83 1.00 0.83 0.67 0.50 0.33 0.17 0.00 0.00 0.00 0.17 0.33 0.50 0.67 0.83 1.00 1.00 1.00 1.00 1.00 1.00 1.00 1.00 1.00 1.00 1.00 1.00 1.00 1.00 
1.00 1.00 1.00 1.00 1.00 1.00 1.00 1.00 1.00 0.83 0.67 0.50 0.33 0.17 0.00 0.00 0.00 0.17 0.33 0.50 0.67 0.83 1.00 0.83 0.67 0.50 0.33 0.17 0.00 0.00 0.00 0.17 0.33 0.50 0.67 0.83 1.00 1.00 1.00 1.00 1.00 1.00 1.00 1.00 1.00 1.00 1.00 1.00 1.00 1.00 
1.00 1.00 1.00 1.00 1.00 1.00 1.00 1.00 1.00 0.83 0.67 0.50 0.33 0.17 0.00 0.00 0.00 0.17 0.33 0.50 0.67 0.83 1.00 0.83 0.67 0.50 0.33 0.17 0.00 0.00 0.00 0.17 0.33 0.50 0.67 0.83 1.00 1.00 1.00 1.00 1.00 1.00 1.00 1.00 1.00 1.00 1.00 1.00 1.00 1.00 
1.00 1.00 1.00 1.00 1.00 1.00 1.00 1.00 0.97 0.83 0.67 0.50 0.33 0.17 0.00 0.00 0.00 0.17 0.33 0.50 0.67 0.83 1.00 0.83 0.67 0.50 0.33 0.17 0.00 0.00 0.00 0.17 0.33 0.50 0.67 0.83 1.00 1.00 1.00 1.00 1.00 1.00 0.97 0.90 0.85 0.83 0.83 0.83 0.85 0.90 
1.00 1.00 1.00 1.00 1.00 1.00 1.00 1.00 0.90 0.75 0.60 0.47 0.33 0.17 0.00 0.00 0.00 0.17 0.33 0.50 0.67 0.83 1.00 0.85 0.69 0.53 0.37 0.24 0.17 0.17 0.17 0.24 0.37 0.53 0.69 0.85 1.00 1.00 1.00 1.00 1.00 0.94 0.83 0.75 0.69 0.67 0.67 0.67 0.69 0.75 
1.00 1.00 1.00 1.00 1.00 1.00 1.00 1.00 0.85 0.69 0.53 0.37 0.24 0.17 0.00 0.00 0.00 0.17 0.33 0.50 0.67 0.83 1.00 0.90 0.75 0.60 0.47 0.37 0.33 0.33 0.33 0.37 0.47 0.60 0.75 0.90 1.00 1.00 1.00 1.00 0.97 0.83 0.71 0.60 0.53 0.50 0.50 0.50 0.53 0.60 
1.00 1.00 1.00 1.00 1.00 1.00 1.00 1.00 0.83 0.67 0.50 0.33 0.17 0.00 0.17 0.17 0.17 0.24 0.37 0.53 0.69 0.85 1.00 0.97 0.83 0.71 0.60 0.53 0.50 0.50 0.50 0.53 0.60 0.71 0.83 0.97 1.00 1.00 1.00 1.00 0.90 0.75 0.60 0.47 0.37 0.33 0.33 0.33 0.37 0.47 
1.00 1.00 1.00 1.00 1.00 1.00 1.00 1.00 0.85 0.69 0.53 0.37 0.24 0.17 0.17 0.24 0.33 0.37 0.47 0.60 0.75 0.90 1.00 1.00 0.94 0.83 0.75 0.69 0.67 0.67 0.67 0.69 0.75 0.83 0.94 1.00 1.00 1.00 1.00 1.00 0.85 0.69 0.53 0.37 0.24 0.17 0.17 0.17 0.24 0.37 
1.00 1.00 1.00 1.00 1.00 1.00 1.00 1.00 0.90 0.75 0.60 0.47 0.33 0.17 0.00 0.17 0.33 0.50 0.60 0.71 0.83 0.97 0.90 0.85 0.83 0.71 0.60 0.53 0.50 0.50 0.50 0.53 0.60 0.71 0.83 0.97 1.00 1.00 1.00 1.00 0.83 0.67 0.50 0.33 0.17 0.00 0.00 0.00 0.17 0.33 
1.00 1.00 1.00 0.97 0.90 0.85 0.83 0.83 0.83 0.83 0.69 0.53 0.37 0.24 0.17 0.24 0.37 0.53 0.69 0.83 0.94 0.83 0.75 0.69 0.67 0.60 0.47 0.37 0.33 0.33 0.33 0.37 0.47 0.60 0.75 0.90 1.00 1.00 1.00 0.97 0.83 0.67 0.50 0.33 0.17 0.00 0.00 0.00 0.17 0.33 
1.00 1.00 0.94 0.83 0.75 0.69 0.67 0.67 0.67 0.69 0.75 0.60 0.47 0.37 0.33 0.37 0.47 0.60 0.75 0.90 0.83 0.71 0.60 0.53 0.50 0.50 0.37 0.24 0.17 0.17 0.17 0.24 0.37 0.53 0.69 0.85 1.00 1.00 0.94 0.83 0.75 0.67 0.50 0.33 0.17 0.00 0.00 0.00 0.17 0.33 
0.85 0.83 0.83 0.71 0.60 0.53 0.50 0.50 0.50 0.53 0.60 0.71 0.60 0.53 0.50 0.53 0.60 0.71 0.83 0.90 0.75 0.60 0.47 0.37 0.33 0.33 0.33 0.17 0.00 0.00 0.00 0.17 0.33 0.50 0.67 0.83 1.00 0.97 0.83 0.71 0.60 0.53 0.50 0.33 0.17 0.00 0.00 0.00 0.17 0.33 
0.69 0.67 0.67 0.60 0.47 0.37 0.33 0.33 0.33 0.37 0.47 0.60 0.75 0.69 0.67 0.69 0.75 0.83 0.94 0.85 0.69 0.53 0.37 0.24 0.17 0.17 0.17 0.17 0.00 0.00 0.00 0.17 0.33 0.50 0.67 0.83 1.00 0.90 0.75 0.60 0.47 0.37 0.33 0.33 0.17 0.00 0.00 0.00 0.17 0.33 
0.53 0.50 0.50 0.50 0.37 0.24 0.17 0.17 0.17 0.24 0.37 0.53 0.69 0.85 0.83 0.85 0.90 0.97 1.00 0.83 0.67 0.50 0.33 0.17 0.00 0.00 0.00 0.17 0.00 0.00 0.00 0.17 0.33 0.50 0.67 0.83 1.00 0.85 0.69 0.53 0.37 0.24 0.17 0.17 0.17 0.00 0.00 0.00 0.17 0.33 
0.37 0.33 0.33 0.33 0.33 0.17 0.00 0.00 0.00 0.17 0.33 0.50 0.67 0.83 0.85 0.83 0.83 0.83 0.85 0.83 0.67 0.50 0.33 0.17 0.00 0.00 0.00 0.17 0.00 0.00 0.00 0.17 0.33 0.50 0.67 0.83 1.00 0.83 0.67 0.50 0.33 0.17 0.00 0.00 0.00 0.17 0.17 0.17 0.24 0.37 
0.24 0.17 0.17 0.17 0.24 0.17 0.00 0.00 0.00 0.17 0.33 0.50 0.67 0.75 0.69 0.67 0.67 0.67 0.69 0.75 0.67 0.50 0.33 0.17 0.00 0.00 0.00 0.17 0.00 0.00 0.00 0.17 0.33 0.50 0.67 0.83 1.00 0.83 0.67 0.50 0.33 0.17 0.00 0.00 0.00 0.17 0.33 0.33 0.37 0.47 
0.17 0.00 0.00 0.00 0.17 0.17 0.00 0.00 0.00 0.17 0.33 0.50 0.67 0.60 0.53 0.50 0.50 0.50 0.53 0.60 0.67 0.50 0.33 0.17 0.00 0.00 0.00 0.17 0.00 0.00 0.00 0.17 0.33 0.50 0.67 0.83 1.00 0.83 0.67 0.50 0.33 0.17 0.00 0.00 0.00 0.17 0.33 0.50 0.53 0.60 
0.17 0.00 0.00 0.00 0.17 0.17 0.00 0.00 0.00 0.17 0.33 0.50 0.60 0.47 0.37 0.33 0.33 0.33 0.37 0.47 0.60 0.50 0.33 0.17 0.00 0.00 0.00 0.17 0.17 0.17 0.17 0.24 0.37 0.53 0.69 0.85 1.00 0.83 0.67 0.50 0.33 0.17 0.00 0.00 0.00 0.17 0.33 0.50 0.67 0.75 
0.17 0.00 0.00 0.00 0.17 0.17 0.00 0.00 0.00 0.17 0.33 0.50 0.53 0.37 0.24 0.17 0.17 0.17 0.24 0.37 0.53 0.50 0.33 0.17 0.00 0.00 0.00 0.17 0.33 0.33 0.33 0.37 0.47 0.60 0.75 0.90 1.00 0.83 0.67 0.50 0.33 0.17 0.00 0.00 0.00 0.17 0.33 0.50 0.67 0.83 
0.17 0.00 0.00 0.00 0.17 0.17 0.00 0.00 0.00 0.17 0.33 0.50 0.50 0.33 0.17 0.00 0.00 0.00 0.17 0.33 0.50 0.53 0.37 0.24 0.17 0.17 0.17 0.24 0.37 0.50 0.50 0.53 0.60 0.71 0.83 0.97 1.00 0.83 0.67 0.50 0.33 0.17 0.00 0.00 0.00 0.17 0.33 0.50 0.67 0.83 
0.17 0.00 0.00 0.00 0.17 0.24 0.17 0.17 0.17 0.24 0.37 0.53 0.50 0.33 0.17 0.00 0.00 0.00 0.17 0.33 0.50 0.60 0.47 0.37 0.33 0.33 0.33 0.37 0.47 0.60 0.67 0.69 0.75 0.83 0.94 1.00 1.00 0.85 0.69 0.53 0.37 0.24 0.17 0.17 0.17 0.24 0.37 0.53 0.69 0.85 
0.17 0.00 0.00 0.00 0.17 0.33 0.33 0.33 0.33 0.37 0.47 0.60 0.50 0.33 0.17 0.00 0.00 0.00 0.17 0.33 0.50 0.67 0.60 0.53 0.50 0.50 0.50 0.53 0.60 0.71 0.83 0.85 0.90 0.97 1.00 1.00 1.00 0.90 0.75 0.60 0.47 0.37 0.33 0.33 0.33 0.37 0.47 0.60 0.75 0.90 
0.24 0.17 0.17 0.17 0.17 0.24 0.37 0.50 0.50 0.50 0.50 0.53 0.50 0.33 0.17 0.00 0.00 0.00 0.17 0.33 0.50 0.67 0.75 0.69 0.67 0.67 0.67 0.69 0.75 0.83 0.94 1.00 1.00 1.00 1.00 1.00 1.00 0.97 0.83 0.71 0.60 0.53 0.50 0.50 0.50 0.53 0.60 0.71 0.83 0.97 
0.33 0.17 0.00 0.00 0.00 0.17 0.33 0.37 0.33 0.33 0.33 0.37 0.47 0.33 0.17 0.00 0.00 0.00 0.17 0.33 0.50 0.67 0.83 0.85 0.83 0.83 0.83 0.85 0.90 0.97 1.00 1.00 1.00 1.00 1.00 1.00 1.00 1.00 0.94 0.83 0.75 0.69 0.67 0.67 0.67 0.69 0.75 0.83 0.94 1.00 
0.33 0.17 0.00 0.00 0.00 0.17 0.33 0.24 0.17 0.17 0.17 0.24 0.37 0.33 0.17 0.00 0.00 0.00 0.17 0.33 0.50 0.67 0.83 1.00 1.00 1.00 1.00 1.00 1.00 1.00 1.00 1.00 1.00 1.00 1.00 1.00 1.00 1.00 1.00 0.97 0.90 0.85 0.83 0.83 0.83 0.85 0.90 0.97 1.00 1.00 
0.33 0.17 0.00 0.00 0.00 0.17 0.33 0.17 0.00 0.00 0.00 0.17 0.33 0.37 0.24 0.17 0.17 0.17 0.24 0.37 0.53 0.69 0.85 1.00 1.00 1.00 1.00 1.00 1.00 1.00 1.00 1.00 1.00 1.00 1.00 1.00 1.00 1.00 1.00 1.00 1.00 1.00 1.00 1.00 1.00 1.00 1.00 1.00 1.00 1.00 
0.33 0.17 0.00 0.00 0.00 0.17 0.33 0.17 0.00 0.00 0.00 0.17 0.33 0.47 0.37 0.33 0.33 0.33 0.37 0.47 0.60 0.75 0.90 1.00 1.00 1.00 1.00 1.00 1.00 1.00 1.00 1.00 1.00 1.00 1.00 1.00 1.00 1.00 1.00 1.00 1.00 1.00 1.00 1.00 1.00 1.00 1.00 1.00 1.00 1.00 
0.33 0.17 0.00 0.00 0.00 0.17 0.33 0.17 0.00 0.00 0.00 0.17 0.33 0.50 0.53 0.50 0.50 0.50 0.53 0.60 0.71 0.83 0.97 1.00 1.00 1.00 1.00 1.00 1.00 1.00 1.00 1.00 1.00 1.00 1.00 1.00 1.00 1.00 1.00 1.00 1.00 1.00 1.00 1.00 1.00 1.00 1.00 1.00 1.00 1.00 
0.33 0.17 0.00 0.00 0.00 0.17 0.33 0.17 0.00 0.00 0.00 0.17 0.33 0.50 0.67 0.67 0.67 0.67 0.69 0.75 0.83 0.94 1.00 1.00 1.00 1.00 1.00 1.00 1.00 1.00 1.00 1.00 1.00 1.00 1.00 1.00 1.00 1.00 1.00 1.00 1.00 1.00 1.00 1.00 1.00 1.00 1.00 1.00 1.00 1.00 
0.37 0.24 0.17 0.17 0.17 0.24 0.33 0.17 0.00 0.00 0.00 0.17 0.33 0.50 0.67 0.83 0.83 0.83 0.85 0.90 0.97 1.00 1.00 1.00 1.00 1.00 1.00 1.00 1.00 1.00 1.00 1.00 1.00 1.00 1.00 1.00 1.00 1.00 1.00 1.00 1.00 1.00 1.00 1.00 1.00 1.00 1.00 1.00 1.00 1.00 
0.47 0.37 0.33 0.33 0.33 0.37 0.33 0.17 0.00 0.00 0.00 0.17 0.33 0.50 0.67 0.83 1.00 1.00 1.00 1.00 1.00 1.00 1.00 1.00 1.00 1.00 1.00 1.00 1.00 1.00 1.00 1.00 1.00 1.00 1.00 1.00 1.00 1.00 1.00 1.00 1.00 1.00 1.00 1.00 1.00 1.00 1.00 1.00 1.00 1.00 
0.60 0.53 0.50 0.50 0.50 0.53 0.37 0.24 0.17 0.17 0.17 0.24 0.37 0.53 0.69 0.85 1.00 1.00 1.00 1.00 1.00 1.00 1.00 1.00 1.00 1.00 1.00 1.00 1.00 1.00 1.00 1.00 1.00 1.00 1.00 1.00 1.00 1.00 1.00 1.00 1.00 1.00 1.00 1.00 1.00 1.00 1.00 1.00 1.00 1.00 
0.67 0.67 0.67 0.67 0.67 0.60 0.47 0.37 0.33 0.33 0.33 0.37 0.47 0.60 0.75 0.90 0.85 0.83 0.83 0.83 0.85 0.90 0.97 1.00 1.00 1.00 1.00 1.00 1.00 1.00 1.00 1.00 1.00 1.00 1.00 1.00 1.00 1.00 1.00 1.00 1.00 1.00 1.00 1.00 1.00 1.00 1.00 1.00 1.00 1.00 
0.50 0.50 0.50 0.53 0.60 0.71 0.60 0.53 0.50 0.50 0.50 0.53 0.60 0.71 0.83 0.75 0.69 0.67 0.67 0.67 0.69 0.75 0.83 0.94 1.00 1.00 1.00 1.00 1.00 1.00 1.00 1.00 1.00 1.00 1.00 1.00 1.00 1.00 1.00 1.00 1.00 1.00 1.00 1.00 1.00 1.00 1.00 1.00 1.00 1.00 
0.33 0.33 0.33 0.37 0.47 0.60 0.75 0.69 0.67 0.67 0.67 0.69 0.75 0.83 0.71 0.60 0.53 0.50 0.50 0.50 0.53 0.60 0.71 0.83 0.97 1.00 1.00 1.00 1.00 1.00 1.00 1.00 1.00 1.00 1.00 1.00 1.00 1.00 1.00 1.00 1.00 1.00 1.00 1.00 1.00 1.00 1.00 1.00 1.00 1.00 
0.17 0.17 0.17 0.24 0.37 0.53 0.69 0.85 0.83 0.83 0.83 0.85 0.90 0.75 0.60 0.47 0.37 0.33 0.33 0.33 0.37 0.47 0.60 0.75 0.90 1.00 1.00 1.00 0.97 0.90 0.85 0.83 0.83 0.83 0.85 0.90 0.97 1.00 1.00 1.00 1.00 1.00 1.00 1.00 1.00 1.00 1.00 1.00 1.00 1.00 
0.00 0.00 0.00 0.17 0.33 0.50 0.67 0.83 1.00 1.00 1.00 1.00 0.85 0.69 0.53 0.37 0.24 0.17 0.17 0.17 0.24 0.37 0.53 0.69 0.85 1.00 1.00 0.94 0.83 0.75 0.69 0.67 0.67 0.67 0.69 0.75 0.83 0.94 0.90 0.85 0.83 0.83 0.83 0.85 0.90 0.97 1.00 1.00 1.00 1.00 
0.00 0.00 0.00 0.17 0.33 0.50 0.67 0.83 1.00 1.00 1.00 1.00 0.83 0.67 0.50 0.33 0.17 0.00 0.00 0.00 0.17 0.33 0.50 0.67 0.83 1.00 0.97 0.83 0.71 0.60 0.53 0.50 0.50 0.50 0.53 0.60 0.71 0.83 0.75 0.69 0.67 0.67 0.67 0.69 0.75 0.83 0.94 1.00 1.00 1.00 
0.00 0.00 0.00 0.17 0.33 0.50 0.67 0.83 1.00 1.00 1.00 1.00 0.83 0.67 0.50 0.33 0.17 0.00 0.00 0.00 0.17 0.33 0.50 0.67 0.83 1.00 0.90 0.75 0.60 0.47 0.37 0.33 0.33 0.33 0.37 0.47 0.60 0.71 0.60 0.53 0.50 0.50 0.50 0.53 0.60 0.71 0.83 0.97 1.00 1.00 
0.00 0.00 0.00 0.17 0.33 0.50 0.67 0.83 1.00 1.00 1.00 1.00 0.83 0.67 0.50 0.33 0.17 0.00 0.00 0.00 0.17 0.33 0.50 0.67 0.83 1.00 0.85 0.69 0.53 0.37 0.24 0.17 0.17 0.17 0.24 0.37 0.53 0.60 0.47 0.37 0.33 0.33 0.33 0.37 0.47 0.60 0.75 0.90 1.00 1.00 
0.00 0.00 0.00 0.17 0.33 0.50 0.67 0.83 1.00 1.00 1.00 1.00 0.83 0.67 0.50 0.33 0.17 0.00 0.00 0.00 0.17 0.33 0.50 0.67 0.83 1.00 0.83 0.67 0.50 0.33 0.17 0.00 0.00 0.00 0.17 0.33 0.50 0.53 0.37 0.24 0.17 0.17 0.17 0.24 0.37 0.53 0.69 0.85 1.00 1.00 
0.00 0.00 0.00 0.17 0.33 0.50 0.67 0.83 1.00 1.00 1.00 1.00 0.83 0.67 0.50 0.33 0.17 0.00 0.00 0.00 0.17 0.33 0.50 0.67 0.83 1.00 0.83 0.67 0.50 0.33 0.17 0.00 0.00 0.00 0.17 0.33 0.50 0.50 0.33 0.17 0.00 0.00 0.00 0.17 0.33 0.50 0.67 0.83 1.00 1.00 
0.17 0.17 0.17 0.24 0.37 0.53 0.69 0.85 1.00 1.00 1.00 1.00 0.83 0.67 0.50 0.33 0.17 0.00 0.00 0.00 0.17 0.33 0.50 0.67 0.83 1.00 0.83 0.67 0.50 0.33 0.17 0.00 0.00 0.00 0.17 0.33 0.50 0.50 0.33 0.17 0.00 0.00 0.00 0.17 0.33 0.50 0.67 0.83 1.00 1.00 
0.33 0.33 0.33 0.37 0.47 0.60 0.75 0.90 1.00 1.00 1.00 1.00 0.85 0.69 0.53 0.37 0.24 0.17 0.17 0.17 0.24 0.37 0.53 0.69 0.85 1.00 0.83 0.67 0.50 0.33 0.17 0.00 0.00 0.00 0.17 0.33 0.50 0.50 0.33 0.17 0.00 0.00 0.00 0.17 0.33 0.50 0.67 0.83 1.00 1.00 
0.50 0.50 0.50 0.53 0.60 0.71 0.83 0.97 1.00 1.00 1.00 1.00 0.90 0.75 0.60 0.47 0.37 0.33 0.33 0.33 0.37 0.47 0.60 0.75 0.90 1.00 0.83 0.67 0.50 0.33 0.17 0.00 0.00 0.00 0.17 0.33 0.50 0.50 0.33 0.17 0.00 0.00 0.00 0.17 0.33 0.50 0.67 0.83 1.00 1.00 
0.67 0.67 0.67 0.69 0.75 0.83 0.94 1.00 1.00 1.00 1.00 1.00 0.97 0.83 0.71 0.60 0.53 0.50 0.50 0.50 0.53 0.60 0.71 0.83 0.97 1.00 0.83 0.67 0.50 0.33 0.17 0.00 0.00 0.00 0.17 0.33 0.50 0.50 0.33 0.17 0.00 0.00 0.00 0.17 0.33 0.50 0.67 0.83 1.00 1.00 
0.83 0.83 0.83 0.85 0.90 0.97 1.00 1.00 1.00 1.00 1.00 1.00 1.00 0.94 0.83 0.75 0.69 0.67 0.67 0.67 0.69 0.75 0.83 0.94 1.00 1.00 0.85 0.69 0.53 0.37 0.24 0.17 0.17 0.17 0.24 0.37 0.53 0.50 0.33 0.17 0.00 0.00 0.00 0.17 0.33 0.50 0.67 0.83 1.00 1.00 
1.00 1.00 1.00 1.00 1.00 1.00 1.00 1.00 1.00 1.00 1.00 1.00 1.00 1.00 0.97 0.90 0.85 0.83 0.83 0.83 0.85 0.90 0.97 1.00 1.00 1.00 0.90 0.75 0.60 0.47 0.37 0.33 0.33 0.33 0.37 0.47 0.60 0.53 0.37 0.24 0.17 0.17 0.17 0.24 0.37 0.53 0.69 0.85 1.00 1.00 
