25 25 25
Layer 0:
36.69 36.12 35.58 35.05 34.53 34.02 33.52 33.04 32.57 32.13 31.71 31.32 30.95 30.60 30.28 29.99 29.71 29.41 29.16 29.08 29.09 29.24 29.42 29.64 29.94 
36.11 35.54 34.98 34.45 33.92 33.41 32.91 32.43 31.96 31.51 31.09 30.69 30.32 29.97 29.65 29.36 29.08 28.77 28.48 28.37 28.41 28.60 28.78 29.00 29.30 
35.54 34.97 34.41 33.86 33.33 32.82 32.32 31.83 31.36 30.91 30.48 30.08 29.71 29.36 29.04 28.74 28.46 28.13 27.77 27.60 27.71 27.97 28.15 28.37 28.66 
35.00 34.42 33.85 33.30 32.76 32.24 31.74 31.25 30.77 30.33 29.90 29.50 29.12 28.77 28.45 28.15 27.87 27.53 27.11 26.86 27.06 27.35 27.52 27.73 28.04 
34.48 33.89 33.31 32.75 32.21 31.68 31.18 30.68 30.21 29.76 29.34 28.93 28.56 28.20 27.87 27.57 27.28 26.96 26.53 26.19 26.46 26.74 26.88 27.11 27.43 
33.98 33.38 32.79 32.23 31.68 31.15 30.64 30.14 29.67 29.22 28.79 28.39 28.00 27.64 27.31 26.99 26.69 26.40 26.01 25.54 25.92 26.09 26.25 26.51 26.85 
33.51 32.89 32.30 31.72 31.17 30.63 30.12 29.62 29.14 28.69 28.26 27.86 27.47 27.10 26.76 26.43 26.11 25.82 25.51 24.99 25.39 25.44 25.64 25.94 26.31 
33.06 32.43 31.83 31.24 30.68 30.14 29.62 29.12 28.64 28.19 27.75 27.34 26.95 26.57 26.22 25.88 25.55 25.24 24.97 24.75 24.69 24.79 25.06 25.41 25.79 
32.63 32.00 31.39 30.79 30.22 29.67 29.14 28.64 28.16 27.70 27.26 26.85 26.44 26.06 25.69 25.34 25.00 24.69 24.41 24.15 24.02 24.20 24.54 24.92 25.32 
32.23 31.59 30.97 30.37 29.79 29.23 28.69 28.18 27.70 27.23 26.79 26.37 25.96 25.56 25.19 24.83 24.49 24.18 23.91 23.64 23.48 23.70 24.09 24.48 24.87 
31.86 31.21 30.58 29.97 29.38 28.82 28.27 27.75 27.26 26.79 26.34 25.91 25.49 25.09 24.71 24.35 24.01 23.71 23.48 23.24 23.12 23.34 23.72 24.07 24.43 
31.51 30.86 30.22 29.60 29.01 28.43 27.88 27.35 26.84 26.36 25.90 25.46 25.04 24.64 24.25 23.89 23.56 23.29 23.09 22.98 22.96 23.12 23.39 23.68 24.02 
31.19 30.53 29.89 29.27 28.67 28.08 27.52 26.98 26.46 25.97 25.49 25.05 24.61 24.20 23.82 23.48 23.17 22.92 22.75 22.68 22.71 22.83 23.05 23.31 23.64 
30.90 30.24 29.59 28.97 28.36 27.77 27.20 26.65 26.12 25.61 25.12 24.66 24.22 23.81 23.44 23.11 22.82 22.59 22.44 22.38 22.40 22.52 22.71 22.96 23.28 
30.65 29.98 29.33 28.69 28.08 27.48 26.91 26.35 25.81 25.30 24.80 24.33 23.89 23.48 23.11 22.78 22.50 22.29 22.15 22.10 22.12 22.22 22.39 22.64 22.96 
30.42 29.75 29.10 28.46 27.84 27.24 26.66 26.09 25.54 25.02 24.52 24.05 23.61 23.20 22.82 22.50 22.23 22.03 21.90 21.84 21.86 21.95 22.12 22.36 22.68 
30.23 29.56 28.90 28.26 27.63 27.03 26.44 25.87 25.31 24.78 24.27 23.80 23.36 22.96 22.59 22.27 22.00 21.80 21.68 21.62 21.64 21.72 21.88 22.12 22.43 
30.07 29.39 28.73 28.09 27.47 26.86 26.26 25.68 25.11 24.55 24.03 23.55 23.13 22.75 22.39 22.08 21.82 21.63 21.51 21.46 21.47 21.55 21.69 21.92 22.23 
29.95 29.27 28.61 27.96 27.34 26.73 26.12 25.52 24.93 24.34 23.78 23.28 22.87 22.53 22.22 21.94 21.69 21.51 21.41 21.40 21.40 21.44 21.56 21.77 22.07 
29.86 29.18 28.52 27.87 27.25 26.63 26.03 25.41 24.78 24.15 23.55 23.03 22.64 22.34 22.09 21.83 21.60 21.45 21.39 21.40 21.40 21.40 21.48 21.67 21.96 
29.80 29.12 28.46 27.82 27.19 26.58 25.97 25.35 24.70 24.04 23.43 22.91 22.53 22.26 22.02 21.78 21.55 21.41 21.40 21.40 21.40 21.40 21.43 21.60 21.88 
29.78 29.10 28.44 27.80 27.18 26.57 25.97 25.35 24.72 24.10 23.51 23.00 22.60 22.30 22.03 21.78 21.55 21.41 21.40 21.39 21.40 21.40 21.42 21.58 21.85 
29.80 29.12 28.45 27.81 27.19 26.58 25.99 25.40 24.81 24.23 23.68 23.20 22.78 22.43 22.11 21.82 21.58 21.43 21.40 21.40 21.39 21.40 21.44 21.60 21.87 
29.85 29.17 28.51 27.86 27.24 26.63 26.05 25.47 24.92 24.38 23.87 23.39 22.96 22.58 22.23 21.92 21.68 21.52 21.43 21.40 21.40 21.43 21.51 21.69 21.95 
29.94 29.26 28.59 27.95 27.33 26.72 26.14 25.58 25.04 24.52 24.03 23.57 23.14 22.74 22.40 22.10 21.86 21.67 21.55 21.49 21.48 21.54 21.65 21.84 22.09 

Layer 1:
36.12 35.55 35.00 34.46 33.94 33.42 32.91 32.42 31.95 31.49 31.06 30.66 30.28 29.93 29.60 29.31 29.03 28.73 28.43 28.31 28.35 28.53 28.71 28.94 29.26 
35.53 34.95 34.39 33.85 33.32 32.80 32.29 31.80 31.32 30.86 30.43 30.02 29.64 29.28 28.95 28.66 28.39 28.11 27.84 27.71 27.75 27.91 28.07 28.29 28.61 
34.96 34.37 33.81 33.25 32.72 32.19 31.69 31.19 30.71 30.25 29.81 29.40 29.01 28.66 28.32 28.02 27.75 27.48 27.17 26.97 27.09 27.28 27.43 27.66 27.97 
34.41 33.81 33.24 32.68 32.13 31.61 31.09 30.60 30.11 29.65 29.21 28.80 28.41 28.05 27.72 27.41 27.14 26.87 26.51 26.19 26.44 26.66 26.79 27.02 27.34 
33.88 33.27 32.69 32.12 31.57 31.04 30.52 30.02 29.53 29.07 28.63 28.22 27.83 27.47 27.13 26.83 26.54 26.28 25.94 25.50 25.87 26.03 26.15 26.40 26.73 
33.37 32.76 32.16 31.58 31.02 30.49 29.96 29.46 28.97 28.51 28.07 27.66 27.27 26.90 26.56 26.25 25.95 25.68 25.42 24.96 25.35 25.37 25.52 25.78 26.13 
32.89 32.26 31.66 31.07 30.50 29.96 29.43 28.92 28.43 27.97 27.53 27.11 26.72 26.35 26.01 25.68 25.37 25.08 24.84 24.69 24.68 24.72 24.90 25.20 25.56 
32.43 31.79 31.18 30.58 30.00 29.45 28.92 28.41 27.92 27.45 27.01 26.59 26.19 25.81 25.46 25.13 24.80 24.50 24.23 24.04 23.99 24.08 24.32 24.65 25.03 
31.99 31.35 30.72 30.12 29.53 28.97 28.43 27.91 27.42 26.95 26.51 26.08 25.68 25.29 24.93 24.58 24.24 23.93 23.65 23.42 23.29 23.47 23.78 24.14 24.54 
31.59 30.93 30.30 29.68 29.09 28.52 27.97 27.45 26.95 26.47 26.02 25.60 25.18 24.79 24.42 24.06 23.71 23.39 23.12 22.88 22.64 22.94 23.31 23.68 24.06 
31.20 30.54 29.90 29.28 28.67 28.09 27.54 27.00 26.50 26.02 25.56 25.13 24.71 24.31 23.92 23.56 23.21 22.88 22.64 22.42 22.18 22.53 22.90 23.24 23.61 
30.85 30.18 29.53 28.90 28.29 27.70 27.14 26.59 26.08 25.59 25.12 24.68 24.25 23.84 23.45 23.09 22.75 22.43 22.21 22.10 22.08 22.28 22.53 22.84 23.19 
30.52 29.85 29.19 28.56 27.94 27.34 26.77 26.22 25.69 25.19 24.71 24.25 23.82 23.40 23.01 22.65 22.32 22.04 21.84 21.76 21.79 21.94 22.17 22.45 22.79 
30.23 29.55 28.89 28.24 27.62 27.02 26.44 25.88 25.34 24.82 24.33 23.86 23.41 22.99 22.60 22.25 21.95 21.69 21.52 21.45 21.48 21.61 21.82 22.09 22.42 
29.96 29.28 28.61 27.96 27.34 26.73 26.14 25.57 25.02 24.49 23.99 23.51 23.06 22.63 22.25 21.90 21.61 21.38 21.23 21.17 21.19 21.30 21.49 21.75 22.08 
29.73 29.04 28.37 27.72 27.09 26.47 25.88 25.30 24.74 24.21 23.70 23.21 22.76 22.33 21.95 21.61 21.32 21.10 20.96 20.90 20.92 21.02 21.20 21.46 21.79 
29.53 28.84 28.17 27.51 26.87 26.26 25.65 25.07 24.51 23.96 23.45 22.96 22.51 22.08 21.70 21.36 21.08 20.87 20.73 20.67 20.69 20.78 20.95 21.20 21.53 
29.37 28.68 28.00 27.34 26.70 26.08 25.47 24.89 24.31 23.76 23.22 22.73 22.28 21.87 21.49 21.16 20.89 20.68 20.55 20.49 20.51 20.59 20.75 21.00 21.32 
29.24 28.54 27.87 27.21 26.56 25.94 25.33 24.74 24.15 23.56 22.99 22.47 22.02 21.66 21.32 21.01 20.75 20.55 20.44 20.40 20.41 20.47 20.61 20.83 21.15 
29.15 28.45 27.77 27.11 26.47 25.85 25.24 24.63 24.02 23.39 22.77 22.20 21.74 21.42 21.17 20.90 20.65 20.48 20.40 20.40 20.40 20.41 20.51 20.72 21.02 
29.09 28.39 27.71 27.05 26.41 25.79 25.18 24.58 23.95 23.30 22.64 22.05 21.59 21.31 21.09 20.85 20.60 20.44 20.40 20.40 20.40 20.40 20.46 20.65 20.94 
29.07 28.37 27.69 27.03 26.39 25.77 25.17 24.57 23.96 23.33 22.72 22.16 21.71 21.38 21.11 20.84 20.59 20.43 20.40 20.40 20.40 20.40 20.44 20.62 20.91 
29.08 28.39 27.71 27.05 26.40 25.78 25.18 24.60 24.01 23.44 22.88 22.37 21.92 21.54 21.19 20.88 20.62 20.46 20.40 20.40 20.40 20.40 20.46 20.64 20.93 
29.14 28.44 27.76 27.10 26.46 25.84 25.24 24.66 24.10 23.55 23.03 22.54 22.09 21.68 21.30 20.98 20.73 20.55 20.45 20.41 20.40 20.44 20.54 20.73 21.01 
29.23 28.53 27.85 27.19 26.55 25.93 25.33 24.76 24.20 23.67 23.17 22.69 22.25 21.84 21.47 21.16 20.90 20.71 20.57 20.50 20.50 20.56 20.68 20.88 21.15 

Layer 2:
35.58 35.00 34.44 33.90 33.36 32.84 32.33 31.83 31.34 30.87 30.43 30.02 29.63 29.27 28.94 28.65 28.37 28.07 27.69 27.49 27.61 27.83 28.01 28.27 28.61 
34.98 34.39 33.82 33.27 32.73 32.21 31.70 31.19 30.70 30.23 29.79 29.37 28.98 28.62 28.28 27.98 27.71 27.44 27.13 26.97 27.03 27.20 27.35 27.61 27.95 
34.40 33.80 33.22 32.66 32.12 31.59 31.07 30.57 30.08 29.61 29.16 28.73 28.34 27.97 27.63 27.32 27.05 26.80 26.57 26.40 26.46 26.56 26.70 26.96 27.31 
33.84 33.23 32.64 32.07 31.52 30.99 30.47 29.96 29.47 29.00 28.54 28.11 27.72 27.35 27.00 26.70 26.42 26.17 25.92 25.60 25.83 25.93 26.07 26.33 26.67 
33.30 32.68 32.08 31.51 30.95 30.41 29.88 29.37 28.88 28.40 27.95 27.52 27.12 26.75 26.40 26.09 25.81 25.56 25.33 24.88 25.26 25.30 25.44 25.69 26.04 
32.78 32.16 31.55 30.96 30.39 29.84 29.31 28.80 28.30 27.82 27.37 26.94 26.54 26.17 25.82 25.51 25.21 24.94 24.73 24.62 24.62 24.65 24.80 25.07 25.43 
32.29 31.65 31.03 30.43 29.86 29.30 28.76 28.24 27.75 27.27 26.81 26.38 25.98 25.60 25.26 24.94 24.64 24.35 24.11 23.97 23.96 24.00 24.17 24.47 24.84 
31.82 31.17 30.54 29.94 29.35 28.78 28.24 27.71 27.21 26.73 26.28 25.85 25.44 25.06 24.71 24.38 24.07 23.76 23.49 23.31 23.29 23.35 23.57 23.90 24.29 
31.38 30.72 30.08 29.46 28.86 28.29 27.74 27.21 26.70 26.22 25.76 25.33 24.92 24.53 24.17 23.83 23.50 23.18 22.90 22.69 22.61 22.74 23.02 23.37 23.77 
30.96 30.29 29.64 29.02 28.41 27.82 27.26 26.73 26.21 25.73 25.27 24.83 24.41 24.02 23.65 23.30 22.95 22.62 22.34 22.15 21.92 22.21 22.52 22.88 23.28 
30.57 29.89 29.24 28.60 27.98 27.39 26.82 26.27 25.75 25.26 24.80 24.35 23.93 23.53 23.14 22.78 22.43 22.09 21.81 21.67 21.33 21.77 22.08 22.43 22.81 
30.20 29.52 28.86 28.21 27.59 26.99 26.41 25.85 25.32 24.82 24.35 23.90 23.47 23.05 22.66 22.30 21.94 21.60 21.34 21.22 21.25 21.41 21.68 22.00 22.36 
29.87 29.18 28.51 27.86 27.23 26.62 26.03 25.46 24.92 24.41 23.92 23.46 23.02 22.60 22.20 21.84 21.49 21.18 20.94 20.84 20.88 21.06 21.31 21.60 21.94 
29.57 28.87 28.20 27.54 26.90 26.28 25.69 25.11 24.56 24.04 23.53 23.06 22.61 22.18 21.77 21.41 21.09 20.81 20.61 20.53 20.57 20.72 20.95 21.22 21.56 
29.30 28.60 27.91 27.25 26.61 25.98 25.38 24.80 24.24 23.70 23.19 22.70 22.23 21.80 21.40 21.04 20.73 20.48 20.31 20.24 20.27 20.40 20.60 20.87 21.21 
29.06 28.35 27.67 27.00 26.35 25.72 25.11 24.52 23.95 23.41 22.88 22.39 21.92 21.48 21.08 20.72 20.42 20.18 20.03 19.97 19.99 20.10 20.29 20.56 20.90 
28.85 28.15 27.45 26.78 26.13 25.49 24.88 24.29 23.71 23.16 22.63 22.12 21.65 21.22 20.82 20.46 20.16 19.93 19.79 19.72 19.74 19.84 20.03 20.29 20.63 
28.69 27.97 27.28 26.60 25.95 25.31 24.69 24.09 23.51 22.95 22.41 21.90 21.43 21.00 20.60 20.25 19.96 19.74 19.60 19.53 19.55 19.64 19.81 20.07 20.41 
28.55 27.84 27.14 26.46 25.81 25.17 24.55 23.95 23.36 22.78 22.21 21.68 21.20 20.80 20.43 20.09 19.81 19.60 19.47 19.42 19.43 19.50 19.66 19.90 20.23 
28.45 27.74 27.04 26.36 25.70 25.07 24.45 23.84 23.24 22.64 22.02 21.42 20.91 20.54 20.27 19.98 19.71 19.51 19.40 19.40 19.41 19.42 19.55 19.78 20.10 
28.39 27.68 26.98 26.30 25.64 25.00 24.39 23.79 23.19 22.56 21.90 21.24 20.69 20.35 20.16 19.92 19.65 19.47 19.41 19.41 19.41 19.41 19.49 19.70 20.01 
28.37 27.65 26.95 26.28 25.62 24.98 24.37 23.77 23.18 22.57 21.96 21.37 20.87 20.50 20.21 19.91 19.64 19.45 19.40 19.40 19.40 19.41 19.46 19.67 19.97 
28.39 27.67 26.97 26.29 25.64 25.00 24.38 23.79 23.21 22.64 22.08 21.56 21.08 20.67 20.28 19.95 19.67 19.48 19.40 19.40 19.40 19.41 19.48 19.68 19.99 
28.44 27.73 27.03 26.35 25.69 25.06 24.44 23.85 23.27 22.72 22.19 21.69 21.22 20.78 20.39 20.05 19.78 19.58 19.46 19.42 19.41 19.45 19.56 19.77 20.07 
28.54 27.82 27.13 26.45 25.79 25.16 24.54 23.95 23.38 22.83 22.31 21.82 21.36 20.94 20.56 20.23 19.96 19.74 19.60 19.52 19.51 19.58 19.71 19.93 20.22 

Layer 3:
35.05 34.47 33.90 33.35 32.81 32.28 31.77 31.26 30.76 30.28 29.82 29.39 28.99 28.63 28.30 28.00 27.74 27.45 27.07 26.72 26.98 27.17 27.34 27.61 27.98 
34.44 33.85 33.27 32.71 32.17 31.64 31.12 30.61 30.11 29.63 29.16 28.73 28.33 27.96 27.62 27.31 27.04 26.78 26.46 26.13 26.35 26.50 26.65 26.94 27.31 
33.85 33.25 32.66 32.09 31.54 31.01 30.48 29.97 29.47 28.99 28.52 28.09 27.68 27.30 26.96 26.64 26.37 26.12 25.91 25.79 25.79 25.83 25.99 26.28 26.66 
33.28 32.67 32.07 31.49 30.93 30.39 29.86 29.35 28.85 28.36 27.90 27.45 27.04 26.66 26.31 26.00 25.72 25.46 25.26 25.15 25.14 25.19 25.35 25.64 26.01 
32.74 32.11 31.50 30.91 30.34 29.79 29.26 28.74 28.24 27.75 27.29 26.84 26.43 26.04 25.69 25.37 25.09 24.83 24.63 24.52 24.51 24.56 24.72 25.01 25.38 
32.21 31.57 30.95 30.35 29.77 29.22 28.68 28.16 27.65 27.16 26.69 26.25 25.83 25.45 25.09 24.78 24.48 24.22 24.00 23.89 23.88 23.93 24.09 24.38 24.75 
31.71 31.06 30.43 29.82 29.23 28.66 28.12 27.59 27.08 26.59 26.12 25.67 25.26 24.87 24.52 24.20 23.90 23.61 23.38 23.24 23.23 23.28 23.46 23.76 24.14 
31.23 30.57 29.93 29.31 28.71 28.13 27.58 27.04 26.53 26.03 25.56 25.12 24.71 24.32 23.96 23.63 23.33 23.03 22.76 22.59 22.57 22.62 22.84 23.17 23.57 
30.78 30.11 29.46 28.83 28.22 27.63 27.06 26.52 26.00 25.50 25.03 24.59 24.17 23.78 23.41 23.08 22.76 22.45 22.16 21.95 21.91 22.00 22.26 22.62 23.03 
30.35 29.67 29.01 28.37 27.75 27.15 26.58 26.03 25.50 25.00 24.52 24.08 23.65 23.26 22.88 22.54 22.21 21.88 21.58 21.36 21.31 21.43 21.73 22.11 22.51 
29.95 29.26 28.59 27.94 27.31 26.70 26.12 25.56 25.03 24.52 24.04 23.59 23.16 22.75 22.37 22.01 21.67 21.33 21.02 20.82 20.80 20.95 21.27 21.64 22.02 
29.58 28.89 28.21 27.55 26.91 26.29 25.70 25.13 24.58 24.07 23.58 23.12 22.69 22.27 21.87 21.51 21.16 20.81 20.50 20.33 20.37 20.55 20.85 21.19 21.56 
29.24 28.54 27.85 27.18 26.53 25.91 25.31 24.73 24.17 23.65 23.15 22.68 22.24 21.81 21.41 21.03 20.69 20.35 20.05 19.92 19.98 20.19 20.46 20.76 21.12 
28.93 28.22 27.53 26.85 26.20 25.56 24.95 24.36 23.80 23.26 22.75 22.27 21.81 21.38 20.97 20.58 20.25 19.95 19.70 19.59 19.65 19.85 20.08 20.36 20.71 
28.65 27.93 27.23 26.55 25.89 25.25 24.63 24.04 23.47 22.92 22.39 21.90 21.43 20.98 20.57 20.19 19.86 19.59 19.40 19.32 19.36 19.50 19.71 20.00 20.35 
28.40 27.68 26.98 26.29 25.63 24.98 24.36 23.75 23.17 22.62 22.08 21.57 21.09 20.64 20.23 19.85 19.53 19.28 19.11 19.05 19.06 19.18 19.39 19.67 20.03 
28.19 27.47 26.76 26.07 25.40 24.75 24.12 23.51 22.92 22.36 21.81 21.30 20.81 20.36 19.95 19.58 19.26 19.01 18.84 18.78 18.80 18.91 19.11 19.39 19.75 
28.02 27.29 26.58 25.88 25.21 24.56 23.92 23.31 22.72 22.15 21.60 21.07 20.58 20.13 19.72 19.35 19.04 18.80 18.64 18.57 18.59 18.70 18.88 19.16 19.51 
27.88 27.15 26.43 25.74 25.06 24.41 23.77 23.16 22.56 21.98 21.42 20.88 20.38 19.95 19.54 19.18 18.88 18.65 18.51 18.44 18.45 18.54 18.71 18.98 19.32 
27.78 27.04 26.33 25.63 24.96 24.30 23.66 23.05 22.45 21.86 21.27 20.68 20.13 19.71 19.40 19.06 18.77 18.55 18.43 18.41 18.41 18.45 18.59 18.84 19.17 
27.71 26.98 26.26 25.57 24.89 24.23 23.60 22.99 22.39 21.80 21.18 20.51 19.87 19.41 19.29 19.00 18.70 18.50 18.41 18.41 18.41 18.41 18.52 18.75 19.08 
27.69 26.96 26.24 25.54 24.86 24.21 23.58 22.97 22.38 21.79 21.20 20.62 20.09 19.67 19.34 18.98 18.69 18.48 18.41 18.41 18.41 18.42 18.49 18.72 19.04 
27.71 26.98 26.26 25.56 24.88 24.23 23.59 22.98 22.39 21.82 21.27 20.74 20.25 19.80 19.38 19.02 18.72 18.51 18.41 18.40 18.42 18.42 18.50 18.73 19.06 
27.77 27.04 26.32 25.62 24.95 24.29 23.66 23.04 22.46 21.89 21.35 20.83 20.34 19.89 19.48 19.12 18.83 18.61 18.48 18.42 18.42 18.47 18.59 18.82 19.14 
27.87 27.14 26.42 25.72 25.05 24.39 23.76 23.15 22.56 22.00 21.47 20.96 20.48 20.04 19.65 19.30 19.02 18.79 18.62 18.54 18.53 18.60 18.75 18.99 19.30 

Layer 4:
34.54 33.95 33.38 32.82 32.28 31.75 31.22 30.71 30.20 29.71 29.24 28.80 28.39 28.01 27.68 27.39 27.12 26.86 26.55 26.15 26.42 26.53 26.69 26.99 27.38 
33.92 33.32 32.74 32.17 31.62 31.09 30.56 30.04 29.54 29.04 28.57 28.12 27.70 27.32 26.97 26.67 26.40 26.15 25.88 25.39 25.79 25.81 25.98 26.30 26.70 
33.32 32.71 32.12 31.54 30.98 30.44 29.91 29.39 28.89 28.39 27.91 27.46 27.04 26.65 26.30 25.98 25.71 25.45 25.22 25.09 25.08 25.12 25.31 25.63 26.03 
32.74 32.12 31.52 30.93 30.36 29.81 29.28 28.76 28.25 27.75 27.27 26.82 26.39 26.00 25.64 25.31 25.04 24.78 24.55 24.42 24.39 24.45 24.65 24.98 25.38 
32.19 31.55 30.94 30.34 29.76 29.20 28.66 28.14 27.63 27.13 26.65 26.19 25.76 25.36 25.00 24.67 24.39 24.13 23.91 23.78 23.75 23.82 24.01 24.34 24.73 
31.65 31.01 30.38 29.77 29.18 28.61 28.06 27.53 27.02 26.52 26.04 25.58 25.15 24.75 24.38 24.05 23.76 23.50 23.28 23.15 23.14 23.20 23.38 23.70 24.10 
31.14 30.49 29.85 29.22 28.62 28.04 27.49 26.95 26.43 25.93 25.45 24.99 24.56 24.16 23.79 23.46 23.16 22.89 22.65 22.52 22.51 22.56 22.75 23.07 23.47 
30.66 29.99 29.34 28.70 28.09 27.50 26.93 26.39 25.86 25.36 24.88 24.42 23.99 23.59 23.22 22.89 22.58 22.29 22.04 21.87 21.86 21.91 22.12 22.46 22.87 
30.19 29.52 28.85 28.21 27.59 26.99 26.41 25.85 25.32 24.81 24.33 23.87 23.44 23.04 22.66 22.33 22.02 21.72 21.44 21.22 21.16 21.26 21.53 21.89 22.30 
29.76 29.07 28.40 27.74 27.11 26.50 25.91 25.34 24.80 24.29 23.80 23.34 22.91 22.50 22.12 21.78 21.46 21.15 20.85 20.60 20.50 20.66 20.98 21.35 21.77 
29.35 28.65 27.97 27.31 26.66 26.04 25.44 24.87 24.32 23.80 23.30 22.84 22.40 21.99 21.60 21.25 20.92 20.59 20.27 20.03 19.93 20.13 20.48 20.86 21.25 
28.97 28.27 27.58 26.90 26.25 25.61 25.00 24.42 23.86 23.33 22.83 22.36 21.92 21.50 21.10 20.73 20.39 20.05 19.72 19.49 19.49 19.70 20.04 20.38 20.77 
28.62 27.91 27.21 26.53 25.86 25.22 24.60 24.01 23.44 22.90 22.39 21.91 21.46 21.03 20.62 20.24 19.89 19.56 19.22 19.01 19.12 19.36 19.62 19.93 20.31 
28.30 27.58 26.88 26.18 25.51 24.86 24.24 23.63 23.05 22.50 21.98 21.49 21.02 20.59 20.17 19.78 19.43 19.12 18.81 18.64 18.75 18.99 19.22 19.52 19.88 
28.02 27.29 26.58 25.88 25.20 24.54 23.91 23.30 22.71 22.15 21.61 21.10 20.62 20.17 19.75 19.35 19.01 18.72 18.51 18.42 18.47 18.61 18.84 19.14 19.50 
27.76 27.03 26.31 25.61 24.92 24.26 23.62 23.00 22.41 21.84 21.29 20.77 20.27 19.81 19.39 19.00 18.65 18.38 18.19 18.13 18.14 18.28 18.50 18.80 19.16 
27.55 26.81 26.09 25.38 24.69 24.02 23.37 22.75 22.15 21.57 21.01 20.48 19.98 19.52 19.09 18.70 18.36 18.09 17.91 17.83 17.86 17.98 18.20 18.50 18.87 
27.37 26.63 25.90 25.18 24.49 23.82 23.17 22.54 21.93 21.35 20.78 20.25 19.74 19.27 18.84 18.46 18.13 17.87 17.69 17.62 17.64 17.76 17.96 18.25 18.62 
27.23 26.48 25.75 25.03 24.34 23.66 23.01 22.38 21.77 21.18 20.61 20.07 19.56 19.09 18.65 18.27 17.95 17.71 17.55 17.47 17.49 17.59 17.78 18.06 18.42 
27.12 26.37 25.64 24.92 24.22 23.55 22.90 22.26 21.65 21.06 20.48 19.92 19.39 18.93 18.53 18.15 17.83 17.60 17.46 17.41 17.42 17.48 17.64 17.91 18.26 
27.05 26.30 25.57 24.85 24.15 23.48 22.83 22.20 21.59 21.00 20.43 19.82 19.16 18.56 18.46 18.08 17.76 17.54 17.42 17.41 17.42 17.42 17.56 17.81 18.16 
27.03 26.28 25.54 24.83 24.13 23.45 22.80 22.17 21.57 20.98 20.41 19.86 19.34 18.90 18.45 18.06 17.74 17.52 17.41 17.42 17.42 17.42 17.52 17.77 18.12 
27.05 26.30 25.56 24.85 24.15 23.47 22.82 22.19 21.58 21.00 20.44 19.91 19.40 18.92 18.48 18.09 17.78 17.55 17.42 17.42 17.42 17.42 17.53 17.79 18.14 
27.11 26.36 25.63 24.91 24.21 23.54 22.89 22.26 21.65 21.07 20.51 19.98 19.48 19.00 18.58 18.20 17.89 17.65 17.50 17.43 17.42 17.48 17.63 17.88 18.23 
27.21 26.47 25.73 25.02 24.32 23.65 23.00 22.37 21.76 21.19 20.63 20.11 19.62 19.16 18.75 18.39 18.08 17.83 17.65 17.55 17.55 17.63 17.80 18.05 18.38 

Layer 5:
34.04 33.45 32.87 32.31 31.76 31.23 30.70 30.18 29.67 29.18 28.70 28.24 27.81 27.43 27.09 26.80 26.54 26.27 26.02 25.85 25.84 25.88 26.07 26.40 26.82 
33.42 32.81 32.22 31.65 31.10 30.56 30.03 29.50 28.99 28.49 28.00 27.54 27.11 26.71 26.36 26.06 25.79 25.54 25.29 25.13 25.11 25.15 25.35 25.70 26.13 
32.81 32.19 31.59 31.01 30.45 29.90 29.36 28.84 28.32 27.82 27.33 26.86 26.42 26.02 25.66 25.34 25.07 24.82 24.57 24.41 24.39 24.43 24.65 25.01 25.44 
32.22 31.60 30.98 30.39 29.81 29.26 28.72 28.19 27.67 27.16 26.67 26.20 25.76 25.35 24.98 24.65 24.38 24.12 23.87 23.70 23.68 23.74 23.98 24.34 24.78 
31.66 31.02 30.39 29.79 29.20 28.63 28.08 27.55 27.03 26.53 26.03 25.56 25.11 24.70 24.32 23.99 23.70 23.45 23.20 23.04 23.00 23.08 23.32 23.69 24.12 
31.12 30.46 29.83 29.21 28.61 28.03 27.47 26.93 26.41 25.90 25.41 24.93 24.48 24.07 23.69 23.35 23.05 22.80 22.56 22.40 22.38 22.46 22.69 23.05 23.47 
30.60 29.93 29.28 28.65 28.04 27.45 26.88 26.34 25.81 25.30 24.80 24.33 23.88 23.46 23.08 22.73 22.44 22.17 21.93 21.78 21.77 21.83 22.06 22.41 22.83 
30.10 29.43 28.76 28.12 27.50 26.89 26.31 25.76 25.22 24.71 24.21 23.74 23.29 22.87 22.49 22.15 21.84 21.56 21.31 21.14 21.14 21.19 21.42 21.78 22.21 
29.63 28.94 28.27 27.62 26.98 26.37 25.77 25.21 24.66 24.14 23.64 23.17 22.72 22.31 21.93 21.58 21.27 20.98 20.71 20.50 20.45 20.55 20.81 21.18 21.61 
29.18 28.49 27.81 27.14 26.49 25.87 25.26 24.68 24.13 23.60 23.10 22.62 22.18 21.76 21.38 21.03 20.71 20.41 20.13 19.89 19.76 19.93 20.24 20.62 21.05 
28.77 28.06 27.37 26.69 26.03 25.40 24.78 24.19 23.63 23.09 22.58 22.10 21.65 21.23 20.84 20.48 20.16 19.86 19.56 19.30 19.10 19.38 19.72 20.09 20.51 
28.38 27.67 26.96 26.28 25.61 24.96 24.33 23.73 23.16 22.61 22.10 21.61 21.15 20.73 20.33 19.96 19.63 19.31 18.99 18.73 18.59 18.90 19.24 19.60 20.00 
28.03 27.30 26.59 25.89 25.21 24.55 23.92 23.31 22.72 22.17 21.64 21.15 20.68 20.25 19.84 19.45 19.11 18.79 18.46 18.17 18.34 18.55 18.79 19.12 19.52 
27.70 26.97 26.25 25.54 24.85 24.19 23.54 22.92 22.33 21.76 21.22 20.71 20.24 19.80 19.38 18.98 18.62 18.31 18.00 17.70 17.93 18.14 18.37 18.69 19.07 
27.40 26.66 25.94 25.22 24.53 23.85 23.20 22.57 21.97 21.39 20.84 20.32 19.83 19.38 18.95 18.54 18.17 17.87 17.65 17.55 17.60 17.74 17.97 18.29 18.67 
27.14 26.40 25.66 24.95 24.24 23.56 22.90 22.27 21.65 21.07 20.51 19.97 19.47 19.00 18.56 18.15 17.79 17.49 17.29 17.21 17.23 17.38 17.62 17.93 18.31 
26.92 26.17 25.43 24.71 24.00 23.31 22.65 22.00 21.38 20.79 20.22 19.68 19.16 18.68 18.24 17.84 17.48 17.18 16.98 16.89 16.92 17.07 17.31 17.62 18.00 
26.74 25.98 25.24 24.51 23.79 23.10 22.43 21.79 21.16 20.56 19.98 19.43 18.91 18.42 17.98 17.58 17.23 16.94 16.75 16.66 16.69 16.82 17.05 17.36 17.74 
26.59 25.83 25.08 24.35 23.63 22.94 22.27 21.62 20.99 20.38 19.80 19.24 18.72 18.23 17.78 17.38 17.04 16.77 16.59 16.51 16.53 16.64 16.85 17.14 17.52 
26.48 25.72 24.97 24.23 23.51 22.82 22.15 21.49 20.87 20.26 19.68 19.12 18.59 18.09 17.64 17.24 16.90 16.65 16.49 16.42 16.43 16.52 16.70 16.99 17.36 
26.41 25.65 24.90 24.16 23.44 22.74 22.07 21.42 20.79 20.19 19.61 19.06 18.53 18.03 17.57 17.16 16.83 16.58 16.44 16.42 16.42 16.45 16.61 16.88 17.25 
26.38 25.62 24.87 24.13 23.41 22.72 22.04 21.39 20.77 20.17 19.60 19.05 18.52 18.03 17.56 17.15 16.81 16.56 16.42 16.42 16.42 16.42 16.56 16.84 17.20 
26.41 25.64 24.89 24.15 23.43 22.74 22.07 21.42 20.79 20.19 19.61 19.06 18.54 18.04 17.58 17.18 16.84 16.59 16.44 16.42 16.42 16.42 16.57 16.85 17.22 
26.47 25.71 24.96 24.22 23.50 22.81 22.13 21.48 20.86 20.26 19.68 19.14 18.62 18.13 17.68 17.29 16.96 16.70 16.53 16.43 16.42 16.50 16.67 16.95 17.32 
26.58 25.82 25.07 24.33 23.62 22.92 22.25 21.60 20.98 20.38 19.81 19.27 18.76 18.29 17.86 17.48 17.15 16.89 16.69 16.58 16.57 16.66 16.84 17.13 17.48 

Layer 6:
33.56 32.97 32.39 31.82 31.27 30.73 30.20 29.68 29.17 28.67 28.18 27.72 27.28 26.88 26.53 26.24 25.98 25.70 25.42 25.22 25.19 25.25 25.50 25.87 26.32 
32.93 32.32 31.73 31.15 30.59 30.05 29.51 28.99 28.47 27.96 27.47 26.99 26.55 26.14 25.78 25.48 25.21 24.96 24.69 24.49 24.45 24.51 24.76 25.14 25.60 
32.31 31.69 31.09 30.50 29.93 29.38 28.84 28.31 27.79 27.28 26.78 26.29 25.84 25.42 25.05 24.73 24.46 24.22 23.96 23.75 23.71 23.78 24.04 24.43 24.89 
31.72 31.09 30.47 29.87 29.29 28.72 28.17 27.64 27.12 26.60 26.10 25.62 25.16 24.73 24.34 24.01 23.74 23.50 23.24 23.02 22.99 23.05 23.34 23.75 24.21 
31.15 30.50 29.87 29.26 28.66 28.08 27.53 26.99 26.46 25.95 25.44 24.96 24.49 24.06 23.67 23.33 23.04 22.80 22.54 22.32 22.28 22.36 22.67 23.09 23.53 
30.59 29.94 29.29 28.67 28.06 27.47 26.90 26.36 25.83 25.31 24.80 24.32 23.85 23.41 23.02 22.67 22.37 22.12 21.87 21.66 21.62 21.72 22.02 22.43 22.87 
30.07 29.40 28.74 28.10 27.48 26.88 26.30 25.74 25.21 24.69 24.18 23.69 23.22 22.78 22.38 22.03 21.72 21.47 21.22 21.03 21.00 21.10 21.39 21.78 22.21 
29.56 28.88 28.21 27.56 26.92 26.31 25.72 25.15 24.61 24.08 23.57 23.09 22.62 22.18 21.78 21.42 21.11 20.84 20.59 20.41 20.40 20.48 20.75 21.13 21.57 
29.08 28.39 27.71 27.04 26.40 25.77 25.16 24.59 24.03 23.50 22.99 22.50 22.03 21.60 21.20 20.84 20.53 20.24 19.97 19.77 19.74 19.83 20.11 20.51 20.95 
28.63 27.92 27.23 26.56 25.90 25.26 24.64 24.05 23.48 22.94 22.42 21.93 21.47 21.03 20.64 20.28 19.96 19.67 19.39 19.16 19.07 19.21 19.52 19.91 20.36 
28.21 27.49 26.79 26.10 25.43 24.77 24.15 23.54 22.96 22.41 21.89 21.39 20.93 20.49 20.09 19.73 19.41 19.11 18.83 18.60 18.39 18.66 18.96 19.35 19.80 
27.81 27.09 26.37 25.67 24.99 24.33 23.68 23.07 22.48 21.92 21.38 20.88 20.41 19.97 19.57 19.19 18.86 18.56 18.27 18.08 17.77 18.16 18.45 18.83 19.26 
27.45 26.71 25.99 25.28 24.59 23.91 23.26 22.63 22.03 21.45 20.91 20.40 19.93 19.48 19.06 18.68 18.33 18.02 17.73 17.44 17.58 17.71 17.97 18.34 18.76 
27.11 26.37 25.64 24.92 24.21 23.53 22.87 22.23 21.62 21.03 20.48 19.96 19.47 19.02 18.59 18.19 17.83 17.52 17.25 16.85 17.16 17.28 17.53 17.88 18.28 
26.81 26.06 25.32 24.59 23.88 23.19 22.52 21.87 21.25 20.65 20.09 19.55 19.05 18.59 18.15 17.74 17.36 17.03 16.81 16.72 16.72 16.87 17.12 17.46 17.85 
26.54 25.78 25.04 24.30 23.59 22.88 22.21 21.55 20.92 20.32 19.74 19.19 18.68 18.19 17.74 17.33 16.94 16.62 16.39 16.30 16.33 16.49 16.75 17.08 17.47 
26.31 25.55 24.80 24.06 23.33 22.62 21.94 21.28 20.64 20.03 19.44 18.88 18.36 17.86 17.40 16.99 16.61 16.28 16.06 15.96 16.00 16.16 16.42 16.75 17.14 
26.12 25.35 24.59 23.85 23.12 22.41 21.72 21.05 20.41 19.79 19.19 18.63 18.09 17.59 17.12 16.71 16.34 16.03 15.81 15.71 15.74 15.89 16.14 16.47 16.87 
25.97 25.20 24.44 23.69 22.95 22.23 21.54 20.87 20.23 19.60 19.00 18.43 17.89 17.38 16.91 16.49 16.13 15.84 15.64 15.55 15.57 15.70 15.92 16.24 16.64 
25.86 25.08 24.32 23.56 22.83 22.11 21.41 20.74 20.10 19.47 18.87 18.30 17.75 17.23 16.76 16.34 15.98 15.71 15.53 15.45 15.46 15.56 15.76 16.07 16.47 
25.79 25.01 24.24 23.49 22.75 22.03 21.33 20.66 20.02 19.39 18.80 18.23 17.68 17.16 16.68 16.26 15.90 15.63 15.47 15.42 15.42 15.48 15.66 15.96 16.35 
25.76 24.98 24.21 23.46 22.72 22.00 21.30 20.63 19.99 19.37 18.78 18.21 17.67 17.16 16.68 16.24 15.87 15.60 15.44 15.43 15.43 15.44 15.61 15.91 16.29 
25.79 25.00 24.24 23.48 22.74 22.02 21.33 20.66 20.01 19.39 18.80 18.23 17.69 17.17 16.70 16.27 15.91 15.63 15.46 15.42 15.42 15.43 15.61 15.92 16.32 
25.86 25.08 24.31 23.55 22.81 22.10 21.40 20.73 20.08 19.46 18.87 18.30 17.77 17.26 16.80 16.38 16.03 15.75 15.56 15.44 15.42 15.52 15.72 16.03 16.42 
25.97 25.19 24.42 23.67 22.93 22.22 21.52 20.85 20.21 19.59 19.00 18.44 17.92 17.42 16.97 16.57 16.23 15.95 15.73 15.60 15.60 15.70 15.90 16.21 16.59 

Layer 7:
33.10 32.50 31.92 31.35 30.80 30.26 29.73 29.20 28.69 28.18 27.69 27.22 26.78 26.37 26.01 25.71 25.44 25.13 24.82 24.60 24.56 24.67 24.97 25.38 25.86 
32.46 31.85 31.25 30.67 30.11 29.56 29.02 28.50 27.98 27.46 26.97 26.48 26.03 25.61 25.23 24.92 24.66 24.40 24.11 23.86 23.80 23.90 24.21 24.64 25.11 
31.84 31.21 30.60 30.01 29.44 28.88 28.33 27.80 27.28 26.76 26.25 25.76 25.30 24.87 24.48 24.15 23.89 23.65 23.39 23.13 23.06 23.16 23.47 23.91 24.38 
31.24 30.60 29.97 29.37 28.78 28.21 27.66 27.12 26.59 26.07 25.56 25.07 24.59 24.15 23.75 23.40 23.13 22.90 22.65 22.39 22.32 22.42 22.76 23.21 23.67 
30.65 30.00 29.36 28.75 28.14 27.56 27.00 26.45 25.92 25.40 24.89 24.39 23.91 23.46 23.05 22.69 22.40 22.17 21.93 21.66 21.57 21.70 22.06 22.52 22.97 
30.09 29.43 28.78 28.15 27.53 26.93 26.36 25.80 25.27 24.74 24.23 23.73 23.24 22.79 22.37 22.01 21.70 21.46 21.23 20.96 20.87 21.02 21.40 21.85 22.28 
29.56 28.88 28.22 27.57 26.94 26.33 25.74 25.17 24.63 24.10 23.59 23.08 22.60 22.14 21.72 21.35 21.03 20.78 20.56 20.31 20.23 20.38 20.76 21.18 21.60 
29.05 28.35 27.68 27.02 26.37 25.75 25.15 24.57 24.01 23.48 22.96 22.46 21.98 21.52 21.09 20.72 20.39 20.13 19.91 19.69 19.63 19.77 20.11 20.51 20.95 
28.56 27.85 27.17 26.49 25.84 25.20 24.58 23.99 23.42 22.88 22.36 21.85 21.37 20.91 20.49 20.12 19.79 19.52 19.26 19.06 19.03 19.14 19.45 19.87 20.32 
28.10 27.38 26.68 26.00 25.33 24.67 24.04 23.44 22.86 22.30 21.77 21.27 20.79 20.33 19.91 19.54 19.21 18.93 18.65 18.41 18.35 18.48 18.82 19.25 19.71 
27.66 26.94 26.23 25.53 24.85 24.18 23.53 22.92 22.32 21.76 21.22 20.71 20.22 19.77 19.36 18.98 18.65 18.36 18.08 17.84 17.77 17.90 18.23 18.66 19.12 
27.26 26.52 25.80 25.09 24.40 23.72 23.06 22.43 21.82 21.24 20.70 20.18 19.69 19.24 18.82 18.43 18.10 17.80 17.52 17.31 17.26 17.37 17.69 18.10 18.56 
26.89 26.14 25.41 24.69 23.98 23.29 22.62 21.98 21.36 20.77 20.21 19.68 19.19 18.73 18.30 17.91 17.56 17.25 16.98 16.79 16.77 16.88 17.18 17.58 18.02 
26.55 25.79 25.05 24.32 23.60 22.90 22.22 21.56 20.93 20.33 19.76 19.22 18.71 18.25 17.82 17.41 17.04 16.72 16.46 16.30 16.29 16.42 16.72 17.10 17.52 
26.24 25.47 24.72 23.98 23.26 22.55 21.86 21.19 20.55 19.93 19.35 18.80 18.28 17.80 17.36 16.95 16.56 16.22 15.96 15.85 15.86 16.01 16.29 16.65 17.05 
25.96 25.19 24.43 23.69 22.95 22.23 21.53 20.86 20.21 19.58 18.99 18.43 17.89 17.40 16.95 16.52 16.13 15.77 15.51 15.40 15.44 15.62 15.90 16.24 16.64 
25.73 24.94 24.18 23.43 22.69 21.96 21.26 20.57 19.92 19.28 18.68 18.10 17.56 17.05 16.58 16.15 15.75 15.40 15.14 15.03 15.08 15.27 15.55 15.89 16.30 
25.53 24.74 23.97 23.21 22.47 21.74 21.02 20.33 19.67 19.03 18.42 17.84 17.28 16.76 16.28 15.85 15.46 15.12 14.87 14.76 14.81 14.98 15.25 15.59 16.01 
25.38 24.58 23.81 23.04 22.29 21.55 20.84 20.15 19.48 18.84 18.22 17.63 17.07 16.54 16.05 15.62 15.23 14.92 14.69 14.59 14.61 14.76 15.01 15.35 15.78 
25.27 24.47 23.69 22.92 22.16 21.42 20.70 20.01 19.34 18.70 18.08 17.49 16.92 16.39 15.89 15.45 15.07 14.77 14.58 14.49 14.50 14.61 14.83 15.17 15.59 
25.20 24.40 23.61 22.84 22.08 21.34 20.62 19.92 19.26 18.61 18.00 17.41 16.84 16.31 15.81 15.36 14.97 14.68 14.50 14.44 14.44 14.52 14.72 15.05 15.46 
25.17 24.36 23.58 22.81 22.05 21.31 20.59 19.89 19.22 18.58 17.97 17.38 16.83 16.30 15.80 15.34 14.95 14.65 14.47 14.43 14.43 14.47 14.66 14.99 15.40 
25.19 24.39 23.60 22.83 22.07 21.33 20.61 19.92 19.25 18.61 17.99 17.40 16.84 16.32 15.82 15.37 14.99 14.69 14.49 14.43 14.43 14.46 14.67 15.01 15.42 
25.26 24.46 23.68 22.91 22.15 21.41 20.69 20.00 19.33 18.69 18.07 17.49 16.93 16.41 15.92 15.49 15.11 14.81 14.60 14.45 14.42 14.54 14.78 15.13 15.53 
25.37 24.58 23.80 23.03 22.27 21.54 20.82 20.13 19.46 18.82 18.21 17.63 17.08 16.57 16.10 15.68 15.32 15.02 14.79 14.64 14.64 14.74 14.98 15.31 15.71 

Layer 8:
32.67 32.06 31.47 30.90 30.34 29.80 29.27 28.75 28.23 27.73 27.23 26.76 26.31 25.89 25.52 25.20 24.92 24.59 24.25 24.03 23.99 24.16 24.51 24.96 25.44 
32.02 31.40 30.79 30.21 29.64 29.09 28.55 28.02 27.50 26.99 26.49 26.00 25.54 25.11 24.73 24.40 24.14 23.85 23.52 23.26 23.17 23.36 23.73 24.20 24.67 
31.39 30.75 30.14 29.54 28.96 28.40 27.85 27.31 26.79 26.27 25.76 25.27 24.79 24.35 23.95 23.61 23.34 23.10 22.83 22.54 22.41 22.59 22.98 23.45 23.91 
30.78 30.13 29.50 28.89 28.30 27.72 27.16 26.62 26.09 25.57 25.05 24.55 24.06 23.61 23.20 22.84 22.55 22.34 22.11 21.82 21.68 21.85 22.24 22.71 23.16 
30.19 29.52 28.88 28.26 27.65 27.06 26.49 25.94 25.40 24.88 24.36 23.85 23.36 22.89 22.46 22.09 21.79 21.57 21.37 21.08 20.93 21.11 21.53 21.99 22.42 
29.62 28.94 28.28 27.65 27.03 26.42 25.84 25.27 24.73 24.20 23.68 23.17 22.67 22.20 21.76 21.38 21.06 20.83 20.64 20.36 20.17 20.41 20.85 21.29 21.70 
29.08 28.39 27.71 27.06 26.42 25.80 25.21 24.63 24.08 23.54 23.02 22.51 22.01 21.53 21.09 20.69 20.36 20.11 19.94 19.68 19.47 19.75 20.19 20.59 21.01 
28.56 27.85 27.17 26.50 25.85 25.21 24.60 24.01 23.44 22.90 22.38 21.86 21.37 20.89 20.44 20.04 19.70 19.44 19.24 19.05 18.86 19.15 19.52 19.91 20.34 
28.07 27.35 26.65 25.96 25.30 24.65 24.02 23.42 22.84 22.28 21.75 21.24 20.74 20.26 19.82 19.41 19.07 18.80 18.58 18.39 18.36 18.51 18.84 19.25 19.70 
27.60 26.86 26.15 25.46 24.78 24.12 23.47 22.85 22.26 21.69 21.15 20.63 20.14 19.66 19.22 18.82 18.47 18.19 17.95 17.70 17.61 17.80 18.18 18.62 19.07 
27.16 26.41 25.69 24.98 24.29 23.61 22.95 22.32 21.71 21.13 20.58 20.05 19.55 19.08 18.64 18.25 17.90 17.62 17.35 17.08 16.95 17.16 17.56 18.01 18.47 
26.75 25.99 25.25 24.53 23.83 23.14 22.46 21.82 21.19 20.60 20.03 19.50 19.00 18.52 18.09 17.69 17.35 17.06 16.79 16.51 16.42 16.59 16.98 17.42 17.88 
26.37 25.60 24.85 24.12 23.40 22.70 22.01 21.35 20.71 20.10 19.53 18.98 18.47 17.99 17.55 17.15 16.80 16.50 16.22 15.99 15.94 16.08 16.43 16.87 17.32 
26.03 25.24 24.48 23.74 23.01 22.30 21.60 20.92 20.27 19.65 19.06 18.50 17.98 17.50 17.05 16.64 16.27 15.95 15.68 15.47 15.42 15.58 15.93 16.35 16.78 
25.71 24.92 24.15 23.40 22.66 21.93 21.22 20.54 19.87 19.24 18.64 18.07 17.53 17.04 16.58 16.16 15.77 15.43 15.15 15.00 15.00 15.16 15.48 15.86 16.28 
25.43 24.63 23.85 23.09 22.34 21.61 20.89 20.19 19.52 18.88 18.26 17.68 17.13 16.62 16.15 15.72 15.32 14.95 14.66 14.53 14.57 14.77 15.07 15.42 15.84 
25.18 24.37 23.59 22.82 22.07 21.33 20.60 19.89 19.21 18.56 17.94 17.34 16.78 16.25 15.77 15.32 14.92 14.55 14.24 14.10 14.18 14.40 14.69 15.05 15.47 
24.98 24.16 23.37 22.60 21.84 21.09 20.36 19.64 18.96 18.30 17.67 17.06 16.49 15.95 15.45 15.00 14.60 14.24 13.95 13.81 13.87 14.09 14.37 14.73 15.18 
24.82 24.00 23.20 22.42 21.66 20.90 20.16 19.45 18.75 18.09 17.45 16.84 16.26 15.71 15.21 14.75 14.35 14.01 13.76 13.64 13.67 13.84 14.11 14.48 14.93 
24.71 23.88 23.08 22.30 21.52 20.76 20.02 19.30 18.61 17.94 17.30 16.69 16.10 15.55 15.04 14.57 14.17 13.84 13.62 13.52 13.53 13.66 13.91 14.28 14.74 
24.64 23.81 23.00 22.21 21.44 20.67 19.93 19.21 18.52 17.85 17.21 16.60 16.02 15.46 14.95 14.47 14.06 13.74 13.53 13.48 13.48 13.55 13.78 14.15 14.60 
24.62 23.78 22.97 22.18 21.40 20.64 19.90 19.17 18.48 17.81 17.18 16.57 16.00 15.45 14.93 14.46 14.04 13.70 13.50 13.46 13.46 13.51 13.73 14.08 14.51 
24.64 23.81 23.00 22.21 21.43 20.67 19.92 19.20 18.51 17.84 17.20 16.59 16.02 15.47 14.95 14.48 14.07 13.75 13.53 13.43 13.43 13.50 13.74 14.11 14.54 
24.70 23.88 23.07 22.29 21.51 20.75 20.01 19.29 18.59 17.93 17.29 16.68 16.11 15.56 15.06 14.60 14.20 13.88 13.64 13.46 13.43 13.57 13.86 14.23 14.66 
24.81 24.00 23.20 22.41 21.64 20.88 20.14 19.43 18.74 18.07 17.44 16.83 16.27 15.73 15.24 14.80 14.42 14.10 13.86 13.69 13.68 13.80 14.07 14.43 14.84 

Layer 9:
32.27 31.65 31.05 30.47 29.91 29.37 28.83 28.31 27.79 27.29 26.80 26.32 25.86 25.44 25.05 24.74 24.45 24.11 23.72 23.52 23.51 23.75 24.14 24.60 25.07 
31.62 30.98 30.36 29.77 29.20 28.65 28.10 27.57 27.05 26.54 26.04 25.55 25.09 24.65 24.25 23.91 23.64 23.35 22.96 22.71 22.64 22.91 23.34 23.81 24.27 
30.98 30.33 29.70 29.09 28.51 27.94 27.39 26.85 26.33 25.81 25.30 24.80 24.32 23.87 23.46 23.11 22.82 22.58 22.25 21.98 21.80 22.11 22.56 23.03 23.47 
30.37 29.70 29.05 28.43 27.83 27.25 26.69 26.14 25.61 25.09 24.57 24.07 23.58 23.11 22.69 22.31 22.02 21.80 21.57 21.32 21.04 21.36 21.81 22.26 22.69 
29.77 29.08 28.42 27.79 27.18 26.58 26.01 25.45 24.91 24.38 23.86 23.35 22.85 22.37 21.93 21.54 21.23 21.00 20.84 20.59 20.35 20.62 21.07 21.50 21.92 
29.20 28.50 27.82 27.17 26.54 25.93 25.34 24.77 24.22 23.69 23.16 22.65 22.14 21.65 21.20 20.80 20.46 20.22 20.08 19.86 19.56 19.90 20.35 20.75 21.16 
28.65 27.93 27.24 26.57 25.93 25.31 24.70 24.11 23.55 23.01 22.48 21.96 21.45 20.96 20.50 20.08 19.73 19.47 19.32 19.17 18.81 19.25 19.65 20.02 20.44 
28.12 27.39 26.68 26.00 25.34 24.70 24.08 23.48 22.90 22.35 21.82 21.30 20.79 20.29 19.82 19.40 19.04 18.76 18.59 18.53 18.16 18.62 18.94 19.31 19.76 
27.62 26.88 26.15 25.46 24.79 24.13 23.49 22.87 22.28 21.72 21.18 20.65 20.14 19.65 19.18 18.75 18.38 18.09 17.90 17.77 17.76 17.92 18.24 18.64 19.10 
27.15 26.39 25.65 24.94 24.26 23.58 22.93 22.29 21.69 21.11 20.55 20.03 19.52 19.03 18.56 18.12 17.75 17.46 17.25 17.06 16.96 17.20 17.58 18.00 18.46 
26.70 25.93 25.18 24.46 23.75 23.07 22.40 21.75 21.12 20.53 19.96 19.42 18.91 18.42 17.96 17.53 17.16 16.87 16.64 16.40 16.20 16.52 16.95 17.38 17.84 
26.28 25.49 24.73 24.00 23.28 22.58 21.90 21.23 20.59 19.98 19.40 18.85 18.33 17.84 17.38 16.96 16.60 16.30 16.07 15.80 15.58 15.91 16.34 16.77 17.23 
25.90 25.10 24.32 23.57 22.84 22.13 21.43 20.75 20.10 19.47 18.88 18.31 17.78 17.29 16.83 16.41 16.05 15.75 15.49 15.25 15.16 15.35 15.74 16.18 16.65 
25.55 24.74 23.95 23.19 22.45 21.72 21.01 20.31 19.64 19.00 18.39 17.81 17.27 16.77 16.30 15.88 15.51 15.20 14.93 14.68 14.55 14.78 15.19 15.63 16.09 
25.23 24.41 23.61 22.84 22.09 21.35 20.62 19.91 19.23 18.58 17.95 17.36 16.80 16.29 15.81 15.38 15.00 14.66 14.39 14.17 14.11 14.32 14.71 15.11 15.55 
24.94 24.11 23.30 22.52 21.76 21.01 20.27 19.56 18.86 18.20 17.56 16.95 16.38 15.85 15.37 14.93 14.52 14.16 13.85 13.70 13.74 13.97 14.26 14.62 15.07 
24.69 23.85 23.03 22.24 21.47 20.72 19.97 19.24 18.54 17.86 17.22 16.60 16.02 15.47 14.97 14.51 14.10 13.72 13.39 13.19 13.32 13.55 13.85 14.22 14.67 
24.47 23.63 22.81 22.01 21.23 20.47 19.72 18.98 18.27 17.59 16.93 16.31 15.71 15.16 14.64 14.16 13.75 13.39 13.04 12.85 12.96 13.21 13.50 13.89 14.36 
24.31 23.46 22.63 21.83 21.05 20.28 19.51 18.77 18.06 17.37 16.71 16.08 15.47 14.90 14.37 13.89 13.47 13.12 12.85 12.70 12.75 12.93 13.22 13.63 14.12 
24.20 23.34 22.51 21.70 20.91 20.13 19.36 18.62 17.90 17.21 16.54 15.91 15.30 14.73 14.19 13.70 13.28 12.93 12.68 12.56 12.57 12.72 13.01 13.42 13.92 
24.14 23.28 22.43 21.61 20.82 20.04 19.27 18.52 17.80 17.11 16.44 15.81 15.21 14.63 14.09 13.60 13.16 12.81 12.57 12.48 12.48 12.60 12.87 13.27 13.76 
24.12 23.25 22.40 21.58 20.78 20.00 19.23 18.48 17.76 17.07 16.41 15.78 15.18 14.61 14.08 13.58 13.13 12.77 12.53 12.48 12.48 12.54 12.80 13.18 13.66 
24.14 23.27 22.43 21.61 20.81 20.03 19.26 18.51 17.79 17.10 16.44 15.80 15.20 14.63 14.10 13.60 13.17 12.81 12.57 12.46 12.46 12.55 12.84 13.21 13.68 
24.19 23.33 22.50 21.69 20.90 20.12 19.35 18.61 17.88 17.19 16.53 15.90 15.30 14.73 14.21 13.73 13.30 12.96 12.71 12.50 12.43 12.62 12.96 13.35 13.80 
24.29 23.45 22.62 21.82 21.03 20.26 19.49 18.75 18.04 17.35 16.69 16.06 15.47 14.91 14.40 13.93 13.53 13.19 12.94 12.75 12.74 12.88 13.18 13.56 14.01 

Layer 10:
31.93 31.29 30.67 30.08 29.51 28.95 28.42 27.89 27.38 26.87 26.38 25.90 25.44 25.02 24.63 24.31 24.03 23.70 23.33 23.08 23.19 23.46 23.86 24.30 24.74 
31.27 30.61 29.98 29.37 28.79 28.23 27.68 27.15 26.63 26.11 25.61 25.13 24.66 24.21 23.81 23.47 23.19 22.90 22.52 22.18 22.28 22.59 23.03 23.47 23.91 
30.63 29.96 29.31 28.68 28.08 27.51 26.96 26.41 25.88 25.37 24.86 24.36 23.88 23.43 23.01 22.64 22.35 22.11 21.76 21.38 21.36 21.77 22.22 22.66 23.08 
30.01 29.32 28.65 28.01 27.40 26.81 26.24 25.69 25.15 24.63 24.12 23.61 23.12 22.65 22.22 21.83 21.52 21.29 21.08 20.72 20.49 20.99 21.43 21.85 22.27 
29.41 28.70 28.02 27.36 26.73 26.13 25.55 24.98 24.44 23.91 23.39 22.88 22.37 21.89 21.44 21.04 20.71 20.48 20.32 20.14 19.85 20.21 20.65 21.05 21.47 
28.83 28.11 27.41 26.73 26.09 25.47 24.87 24.29 23.74 23.20 22.67 22.16 21.65 21.15 20.69 20.27 19.92 19.66 19.53 19.41 19.04 19.48 19.88 20.26 20.69 
28.27 27.53 26.82 26.13 25.47 24.84 24.22 23.62 23.05 22.50 21.97 21.45 20.94 20.43 19.96 19.52 19.15 18.88 18.73 18.70 18.33 18.80 19.11 19.48 19.95 
27.74 26.99 26.25 25.55 24.87 24.22 23.59 22.98 22.39 21.83 21.29 20.77 20.25 19.74 19.25 18.80 18.42 18.13 17.96 17.92 17.93 18.07 18.36 18.75 19.24 
27.24 26.47 25.72 24.99 24.30 23.64 22.99 22.36 21.75 21.18 20.63 20.10 19.58 19.07 18.58 18.12 17.72 17.41 17.23 17.16 17.17 17.33 17.65 18.06 18.56 
26.77 25.98 25.21 24.47 23.76 23.08 22.41 21.77 21.14 20.55 19.99 19.45 18.93 18.43 17.93 17.47 17.07 16.74 16.54 16.43 16.40 16.63 16.98 17.40 17.91 
26.32 25.51 24.72 23.97 23.25 22.55 21.87 21.21 20.57 19.96 19.38 18.83 18.30 17.80 17.31 16.86 16.45 16.13 15.91 15.78 15.59 15.95 16.33 16.76 17.27 
25.89 25.07 24.27 23.50 22.77 22.06 21.36 20.68 20.02 19.39 18.80 18.23 17.70 17.19 16.71 16.26 15.87 15.54 15.32 15.19 14.84 15.33 15.72 16.13 16.64 
25.49 24.66 23.86 23.07 22.31 21.59 20.88 20.19 19.51 18.87 18.25 17.67 17.13 16.61 16.13 15.69 15.31 14.99 14.75 14.55 14.46 14.71 15.09 15.53 16.03 
25.14 24.30 23.47 22.67 21.91 21.17 20.44 19.73 19.04 18.38 17.75 17.15 16.59 16.07 15.58 15.14 14.76 14.44 14.19 13.96 13.75 14.09 14.52 14.96 15.45 
24.83 23.97 23.12 22.31 21.54 20.79 20.05 19.32 18.62 17.94 17.29 16.68 16.10 15.57 15.07 14.62 14.23 13.89 13.64 13.42 13.21 13.57 13.98 14.39 14.89 
24.54 23.67 22.82 21.99 21.21 20.44 19.69 18.95 18.23 17.54 16.88 16.26 15.66 15.11 14.60 14.15 13.74 13.38 13.09 12.92 12.98 13.17 13.47 13.86 14.38 
24.27 23.40 22.54 21.71 20.91 20.14 19.38 18.63 17.90 17.20 16.53 15.89 15.28 14.71 14.19 13.72 13.30 12.93 12.59 12.33 12.51 12.72 13.02 13.42 13.94 
24.04 23.17 22.31 21.47 20.66 19.88 19.11 18.35 17.62 16.91 16.23 15.58 14.96 14.38 13.84 13.35 12.91 12.54 12.20 11.90 12.11 12.34 12.66 13.07 13.59 
23.87 22.98 22.12 21.28 20.47 19.68 18.90 18.13 17.39 16.67 15.98 15.33 14.70 14.11 13.56 13.06 12.61 12.24 11.96 11.80 11.86 12.03 12.36 12.80 13.36 
23.77 22.86 21.98 21.14 20.32 19.53 18.74 17.97 17.22 16.50 15.81 15.15 14.52 13.92 13.36 12.85 12.40 12.02 11.75 11.60 11.62 11.79 12.13 12.58 13.15 
23.72 22.82 21.93 21.06 20.23 19.43 18.64 17.87 17.12 16.39 15.70 15.04 14.41 13.82 13.26 12.74 12.27 11.89 11.61 11.49 11.49 11.65 11.98 12.42 12.98 
23.69 22.79 21.91 21.04 20.20 19.39 18.60 17.83 17.07 16.35 15.66 15.00 14.37 13.78 13.23 12.71 12.24 11.84 11.56 11.49 11.49 11.59 11.89 12.32 12.87 
23.72 22.81 21.93 21.06 20.22 19.42 18.63 17.86 17.11 16.38 15.69 15.03 14.40 13.81 13.25 12.74 12.28 11.89 11.61 11.48 11.48 11.62 11.93 12.34 12.87 
23.75 22.85 21.97 21.13 20.31 19.51 18.73 17.95 17.21 16.48 15.79 15.13 14.51 13.92 13.37 12.87 12.42 12.04 11.77 11.57 11.46 11.72 12.08 12.48 12.99 
23.83 22.95 22.09 21.26 20.45 19.66 18.88 18.11 17.37 16.65 15.96 15.31 14.69 14.11 13.57 13.08 12.65 12.29 12.02 11.85 11.80 12.00 12.32 12.72 13.23 

Layer 11:
31.69 31.02 30.38 29.75 29.15 28.57 28.03 27.50 26.98 26.48 25.98 25.50 25.05 24.62 24.24 23.92 23.65 23.37 23.05 22.82 22.99 23.28 23.64 24.06 24.48 
31.03 30.34 29.68 29.04 28.42 27.83 27.28 26.74 26.22 25.71 25.21 24.72 24.25 23.81 23.41 23.07 22.79 22.52 22.18 21.84 22.08 22.41 22.79 23.20 23.62 
30.38 29.68 29.00 28.34 27.70 27.11 26.55 26.00 25.47 24.95 24.44 23.95 23.47 23.01 22.59 22.22 21.93 21.69 21.37 20.91 21.23 21.57 21.94 22.35 22.78 
29.75 29.04 28.34 27.67 27.02 26.41 25.83 25.27 24.72 24.20 23.69 23.18 22.69 22.22 21.78 21.39 21.08 20.85 20.60 20.10 20.40 20.72 21.09 21.50 21.95 
29.15 28.41 27.70 27.01 26.35 25.71 25.12 24.55 23.99 23.46 22.94 22.43 21.93 21.45 20.99 20.58 20.24 20.00 19.82 19.67 19.49 19.90 20.26 20.67 21.13 
28.57 27.81 27.08 26.37 25.68 25.04 24.44 23.85 23.28 22.74 22.21 21.70 21.19 20.69 20.22 19.79 19.42 19.16 19.02 19.00 18.66 19.12 19.45 19.84 20.33 
28.01 27.23 26.48 25.76 25.05 24.40 23.77 23.17 22.58 22.03 21.49 20.97 20.46 19.95 19.46 19.02 18.63 18.34 18.18 18.15 18.17 18.33 18.63 19.04 19.57 
27.47 26.68 25.92 25.17 24.45 23.78 23.13 22.51 21.91 21.34 20.79 20.26 19.75 19.23 18.73 18.27 17.86 17.55 17.37 17.33 17.35 17.52 17.84 18.27 18.84 
26.95 26.15 25.37 24.60 23.86 23.18 22.52 21.88 21.26 20.67 20.11 19.57 19.05 18.54 18.03 17.55 17.13 16.79 16.59 16.54 16.56 16.76 17.09 17.55 18.14 
26.48 25.66 24.85 24.07 23.31 22.61 21.93 21.27 20.64 20.03 19.45 18.90 18.38 17.86 17.36 16.87 16.43 16.07 15.85 15.80 15.82 16.03 16.39 16.87 17.46 
26.04 25.20 24.36 23.56 22.79 22.07 21.38 20.70 20.04 19.42 18.82 18.26 17.73 17.21 16.71 16.22 15.78 15.41 15.17 15.11 15.14 15.35 15.72 16.21 16.81 
25.60 24.76 23.91 23.09 22.31 21.57 20.85 20.16 19.48 18.84 18.23 17.65 17.10 16.58 16.08 15.61 15.17 14.80 14.56 14.45 14.51 14.71 15.07 15.55 16.17 
25.18 24.32 23.49 22.66 21.84 21.09 20.36 19.65 18.96 18.30 17.67 17.07 16.50 15.98 15.48 15.01 14.59 14.23 13.99 13.85 13.84 14.08 14.45 14.93 15.53 
24.83 23.95 23.09 22.24 21.42 20.65 19.91 19.19 18.48 17.80 17.15 16.53 15.95 15.41 14.90 14.44 14.02 13.68 13.44 13.28 13.10 13.47 13.86 14.33 14.91 
24.53 23.63 22.74 21.86 21.04 20.26 19.51 18.76 18.04 17.34 16.67 16.04 15.44 14.88 14.36 13.89 13.47 13.13 12.87 12.76 12.41 12.91 13.29 13.75 14.35 
24.25 23.34 22.43 21.54 20.71 19.91 19.14 18.38 17.64 16.93 16.24 15.59 14.98 14.40 13.87 13.39 12.96 12.60 12.32 12.17 12.20 12.40 12.72 13.19 13.82 
23.95 23.06 22.16 21.27 20.40 19.59 18.81 18.04 17.29 16.57 15.87 15.20 14.57 13.98 13.43 12.93 12.49 12.12 11.82 11.57 11.71 11.90 12.22 12.69 13.33 
23.71 22.81 21.91 21.02 20.14 19.33 18.54 17.76 17.00 16.26 15.55 14.87 14.23 13.63 13.06 12.55 12.09 11.70 11.41 11.03 11.29 11.49 11.82 12.29 12.92 
23.54 22.61 21.70 20.81 19.93 19.11 18.32 17.53 16.76 16.01 15.29 14.61 13.96 13.34 12.77 12.24 11.76 11.37 11.08 10.93 10.94 11.15 11.50 12.02 12.68 
23.44 22.49 21.54 20.64 19.78 18.96 18.15 17.35 16.58 15.83 15.11 14.41 13.76 13.14 12.55 12.01 11.53 11.12 10.82 10.66 10.67 10.89 11.26 11.81 12.51 
23.40 22.46 21.53 20.61 19.70 18.86 18.05 17.25 16.47 15.71 14.99 14.29 13.64 13.02 12.43 11.89 11.40 10.98 10.67 10.50 10.51 10.72 11.10 11.64 12.33 
23.35 22.43 21.51 20.58 19.67 18.83 18.01 17.20 16.42 15.66 14.94 14.25 13.59 12.98 12.40 11.86 11.36 10.93 10.61 10.49 10.49 10.66 11.00 11.51 12.19 
23.39 22.46 21.52 20.60 19.69 18.85 18.04 17.24 16.46 15.70 14.98 14.28 13.63 13.01 12.43 11.89 11.40 10.98 10.67 10.49 10.49 10.68 11.02 11.50 12.12 
23.42 22.47 21.53 20.63 19.77 18.95 18.14 17.34 16.56 15.81 15.09 14.40 13.74 13.13 12.55 12.02 11.55 11.14 10.84 10.67 10.52 10.86 11.20 11.66 12.28 
23.44 22.53 21.63 20.75 19.91 19.10 18.29 17.50 16.73 15.99 15.27 14.58 13.94 13.33 12.76 12.24 11.79 11.40 11.11 10.96 10.90 11.15 11.48 11.95 12.58 

Layer 12:
31.68 30.96 30.24 29.55 28.89 28.26 27.67 27.14 26.62 26.11 25.61 25.14 24.68 24.26 23.89 23.58 23.31 23.07 22.85 22.75 22.86 23.12 23.48 23.91 24.37 
31.01 30.27 29.54 28.83 28.15 27.50 26.92 26.37 25.84 25.33 24.82 24.34 23.87 23.44 23.04 22.70 22.43 22.19 21.95 21.82 21.97 22.23 22.59 23.03 23.50 
30.36 29.60 28.86 28.13 27.42 26.77 26.18 25.62 25.08 24.56 24.05 23.55 23.07 22.62 22.20 21.84 21.55 21.32 21.08 20.90 21.08 21.35 21.71 22.15 22.63 
29.72 28.95 28.19 27.46 26.74 26.06 25.45 24.88 24.32 23.79 23.28 22.78 22.29 21.82 21.39 21.00 20.68 20.45 20.25 19.95 20.22 20.47 20.84 21.27 21.77 
29.11 28.31 27.54 26.78 26.06 25.36 24.73 24.15 23.58 23.04 22.52 22.01 21.52 21.04 20.58 20.16 19.82 19.58 19.42 19.10 19.41 19.62 19.96 20.41 20.94 
28.52 27.71 26.91 26.13 25.38 24.68 24.03 23.43 22.86 22.30 21.77 21.26 20.76 20.26 19.79 19.36 18.98 18.71 18.56 18.54 18.56 18.75 19.09 19.56 20.13 
27.95 27.12 26.31 25.51 24.74 24.02 23.36 22.74 22.15 21.58 21.04 20.52 20.01 19.51 19.02 18.56 18.16 17.87 17.69 17.66 17.69 17.89 18.25 18.76 19.35 
27.40 26.56 25.74 24.93 24.14 23.39 22.71 22.07 21.46 20.88 20.32 19.79 19.28 18.77 18.27 17.79 17.37 17.04 16.84 16.80 16.84 17.05 17.43 17.97 18.59 
26.88 26.02 25.18 24.35 23.55 22.78 22.08 21.43 20.80 20.20 19.63 19.08 18.56 18.05 17.54 17.04 16.60 16.24 16.02 15.96 16.01 16.24 16.63 17.20 17.86 
26.39 25.51 24.65 23.80 22.98 22.20 21.49 20.81 20.16 19.54 18.95 18.39 17.86 17.34 16.83 16.33 15.86 15.48 15.22 15.15 15.20 15.46 15.88 16.47 17.17 
25.94 25.05 24.16 23.28 22.43 21.64 20.92 20.23 19.56 18.92 18.31 17.73 17.18 16.66 16.15 15.65 15.17 14.76 14.48 14.40 14.45 14.73 15.18 15.81 16.51 
25.50 24.60 23.71 22.82 21.95 21.13 20.39 19.67 18.98 18.32 17.69 17.10 16.53 16.00 15.50 15.00 14.52 14.10 13.81 13.72 13.78 14.06 14.51 15.15 15.85 
25.08 24.17 23.27 22.38 21.50 20.66 19.89 19.16 18.45 17.77 17.12 16.50 15.92 15.37 14.86 14.37 13.91 13.50 13.21 13.09 13.17 13.43 13.87 14.48 15.19 
24.70 23.77 22.85 21.95 21.06 20.20 19.42 18.68 17.95 17.25 16.58 15.94 15.34 14.78 14.26 13.77 13.32 12.93 12.66 12.54 12.58 12.82 13.23 13.82 14.56 
24.38 23.43 22.48 21.55 20.65 19.79 19.00 18.24 17.50 16.78 16.09 15.43 14.81 14.22 13.69 13.19 12.75 12.38 12.11 11.98 12.00 12.22 12.62 13.23 13.99 
24.10 23.14 22.18 21.22 20.29 19.43 18.62 17.85 17.09 16.35 15.64 14.96 14.32 13.72 13.17 12.66 12.21 11.83 11.55 11.41 11.42 11.63 12.04 12.68 13.44 
23.84 22.88 21.92 20.97 20.03 19.12 18.29 17.50 16.72 15.97 15.25 14.56 13.90 13.28 12.71 12.18 11.72 11.32 11.03 10.88 10.89 11.10 11.50 12.12 12.89 
23.59 22.62 21.66 20.70 19.76 18.84 18.00 17.20 16.42 15.65 14.91 14.21 13.54 12.90 12.31 11.77 11.29 10.87 10.57 10.41 10.42 10.63 11.03 11.63 12.43 
23.39 22.40 21.42 20.45 19.51 18.61 17.77 16.96 16.16 15.39 14.64 13.92 13.24 12.60 11.99 11.44 10.94 10.51 10.19 10.03 10.03 10.26 10.69 11.33 12.14 
23.24 22.24 21.25 20.27 19.32 18.44 17.60 16.78 15.97 15.19 14.44 13.71 13.03 12.37 11.76 11.20 10.68 10.25 9.91 9.72 9.75 9.99 10.46 11.18 12.07 
23.25 22.25 21.26 20.26 19.28 18.35 17.49 16.66 15.85 15.07 14.31 13.58 12.89 12.24 11.63 11.05 10.53 10.09 9.73 9.52 9.55 9.80 10.28 11.01 11.90 
23.24 22.24 21.24 20.25 19.27 18.33 17.46 16.62 15.80 15.02 14.26 13.53 12.84 12.19 11.58 11.02 10.50 10.03 9.68 9.49 9.50 9.71 10.14 10.83 11.70 
23.25 22.25 21.25 20.26 19.28 18.34 17.48 16.65 15.84 15.06 14.30 13.57 12.88 12.23 11.62 11.05 10.53 10.09 9.74 9.52 9.53 9.76 10.15 10.74 11.51 
23.22 22.22 21.23 20.25 19.30 18.42 17.58 16.76 15.96 15.17 14.42 13.69 13.01 12.36 11.75 11.19 10.69 10.26 9.92 9.73 9.73 9.96 10.35 10.96 11.79 
23.13 22.21 21.28 20.34 19.42 18.57 17.75 16.93 16.14 15.36 14.61 13.90 13.22 12.57 11.98 11.43 10.95 10.53 10.22 10.04 10.07 10.27 10.69 11.34 12.16 

Layer 13:
32.25 31.50 30.72 29.87 28.93 28.07 27.37 26.81 26.28 25.77 25.27 24.80 24.35 23.94 23.57 23.26 22.99 22.78 22.63 22.60 22.69 22.96 23.42 24.09 24.80 
31.58 30.81 30.00 29.11 28.18 27.31 26.60 26.04 25.50 24.98 24.47 23.99 23.52 23.10 22.71 22.38 22.10 21.88 21.72 21.67 21.77 22.04 22.48 23.12 23.82 
30.82 30.03 29.21 28.30 27.38 26.54 25.85 25.27 24.72 24.19 23.68 23.19 22.71 22.26 21.86 21.50 21.21 20.98 20.82 20.74 20.87 21.14 21.57 22.21 22.92 
30.14 29.34 28.50 27.59 26.65 25.81 25.11 24.52 23.96 23.42 22.90 22.40 21.91 21.45 21.02 20.64 20.33 20.09 19.93 19.85 19.96 20.23 20.70 21.40 22.16 
29.67 28.84 27.99 27.05 26.06 25.14 24.39 23.78 23.21 22.66 22.13 21.62 21.12 20.65 20.20 19.79 19.46 19.20 19.04 19.00 19.07 19.32 19.80 20.49 21.28 
29.08 28.23 27.34 26.37 25.37 24.45 23.69 23.06 22.47 21.91 21.37 20.85 20.35 19.86 19.39 18.96 18.60 18.32 18.15 18.10 18.18 18.42 18.88 19.56 20.35 
28.39 27.53 26.61 25.63 24.64 23.74 23.00 22.35 21.75 21.17 20.62 20.09 19.58 19.09 18.61 18.16 17.76 17.45 17.27 17.22 17.28 17.53 18.01 18.70 19.53 
27.79 26.91 25.99 25.00 24.00 23.10 22.34 21.67 21.05 20.46 19.89 19.35 18.83 18.33 17.84 17.36 16.94 16.60 16.39 16.34 16.39 16.65 17.19 17.96 18.86 
27.43 26.53 25.59 24.57 23.51 22.53 21.71 21.02 20.38 19.76 19.18 18.62 18.10 17.59 17.08 16.59 16.14 15.76 15.53 15.46 15.52 15.80 16.36 17.15 18.07 
26.94 26.01 25.03 23.98 22.92 21.93 21.09 20.39 19.73 19.09 18.49 17.92 17.38 16.86 16.35 15.85 15.37 14.96 14.69 14.59 14.69 14.98 15.53 16.32 17.25 
26.36 25.40 24.38 23.32 22.28 21.32 20.51 19.79 19.11 18.45 17.83 17.24 16.68 16.15 15.64 15.13 14.63 14.19 13.88 13.76 13.87 14.20 14.78 15.60 16.55 
25.85 24.88 23.87 22.80 21.75 20.79 19.97 19.23 18.52 17.85 17.20 16.59 16.01 15.47 14.95 14.45 13.94 13.48 13.13 13.01 13.10 13.47 14.13 15.02 16.01 
25.63 24.66 23.63 22.54 21.41 20.36 19.46 18.70 17.97 17.27 16.61 15.97 15.37 14.81 14.29 13.79 13.29 12.83 12.47 12.34 12.43 12.80 13.44 14.32 15.29 
25.27 24.26 23.20 22.08 20.95 19.90 18.99 18.21 17.46 16.74 16.05 15.39 14.77 14.19 13.65 13.15 12.67 12.23 11.88 11.76 11.83 12.16 12.74 13.57 14.53 
24.80 23.75 22.65 21.51 20.44 19.42 18.55 17.76 16.99 16.25 15.54 14.86 14.22 13.61 13.05 12.54 12.07 11.66 11.34 11.21 11.25 11.53 12.08 12.91 13.90 
24.36 23.30 22.20 21.10 20.03 19.03 18.16 17.35 16.57 15.81 15.08 14.38 13.71 13.09 12.50 11.97 11.50 11.10 10.79 10.64 10.65 10.92 11.52 12.43 13.48 
24.36 23.34 22.26 21.09 19.89 18.78 17.82 16.99 16.20 15.42 14.67 13.95 13.26 12.62 12.02 11.47 10.98 10.56 10.24 10.05 10.07 10.33 10.93 11.83 12.89 
24.18 23.16 22.06 20.86 19.64 18.51 17.53 16.69 15.88 15.09 14.32 13.58 12.88 12.22 11.59 11.03 10.51 10.08 9.74 9.54 9.56 9.81 10.36 11.22 12.28 
23.80 22.73 21.63 20.47 19.30 18.21 17.28 16.44 15.61 14.81 14.03 13.28 12.57 11.89 11.25 10.67 10.14 9.68 9.32 9.12 9.16 9.40 9.94 10.79 11.81 
23.39 22.29 21.18 20.08 19.01 18.00 17.10 16.25 15.41 14.60 13.81 13.06 12.33 11.64 11.00 10.40 9.86 9.39 9.02 8.79 8.82 9.10 9.76 10.77 11.95 
23.69 22.61 21.48 20.29 19.08 17.96 16.98 16.13 15.28 14.47 13.67 12.91 12.18 11.49 10.84 10.24 9.69 9.21 8.82 8.57 8.60 8.90 9.59 10.63 11.84 
23.85 22.79 21.63 20.38 19.11 17.94 16.95 16.08 15.23 14.41 13.61 12.85 12.12 11.43 10.79 10.19 9.65 9.15 8.75 8.50 8.50 8.79 9.39 10.36 11.49 
23.68 22.59 21.46 20.27 19.08 17.95 16.98 16.12 15.27 14.45 13.66 12.90 12.17 11.48 10.83 10.23 9.69 9.21 8.82 8.57 8.57 8.83 9.32 10.12 11.12 
23.33 22.26 21.16 20.07 18.99 17.98 17.08 16.23 15.39 14.58 13.79 13.03 12.31 11.62 10.98 10.39 9.85 9.39 9.02 8.80 8.82 9.06 9.62 10.54 11.62 
23.06 22.06 21.06 20.06 19.08 18.12 17.25 16.41 15.58 14.78 14.00 13.25 12.53 11.86 11.23 10.65 10.13 9.69 9.34 9.12 9.17 9.43 10.06 11.03 12.16 

Layer 14:
33.46 32.66 31.74 30.64 29.35 28.13 27.18 26.52 25.98 25.46 24.97 24.49 24.05 23.65 23.28 22.97 22.70 22.50 22.37 22.34 22.47 22.85 23.60 24.62 25.69 
32.77 31.94 31.00 29.88 28.58 27.35 26.40 25.73 25.19 24.66 24.15 23.67 23.21 22.79 22.41 22.08 21.80 21.59 21.44 21.42 21.54 21.89 22.59 23.54 24.54 
31.80 30.94 29.98 28.87 27.66 26.50 25.60 24.96 24.40 23.87 23.35 22.85 22.38 21.94 21.54 21.19 20.90 20.68 20.53 20.50 20.61 20.96 21.65 22.59 23.58 
31.05 30.18 29.20 28.07 26.87 25.74 24.84 24.20 23.63 23.08 22.56 22.05 21.56 21.11 20.69 20.32 20.01 19.77 19.62 19.57 19.68 20.08 20.85 21.90 23.02 
30.84 29.96 28.95 27.77 26.42 25.15 24.15 23.45 22.87 22.31 21.77 21.26 20.76 20.29 19.85 19.46 19.13 18.87 18.71 18.66 18.76 19.15 19.91 20.98 22.11 
30.25 29.32 28.29 27.10 25.74 24.44 23.43 22.72 22.12 21.55 21.00 20.47 19.97 19.49 19.03 18.61 18.26 17.98 17.80 17.74 17.85 18.20 18.91 19.93 21.00 
29.33 28.37 27.31 26.13 24.86 23.66 22.70 22.01 21.39 20.80 20.24 19.70 19.19 18.70 18.22 17.78 17.40 17.10 16.90 16.83 16.94 17.28 17.99 19.00 20.09 
28.64 27.67 26.59 25.40 24.15 22.97 22.02 21.31 20.68 20.07 19.49 18.94 18.42 17.92 17.44 16.97 16.56 16.22 16.00 15.92 16.02 16.41 17.22 18.37 19.61 
28.58 27.60 26.51 25.24 23.82 22.48 21.42 20.65 19.99 19.37 18.77 18.20 17.67 17.16 16.66 16.19 15.74 15.36 15.11 15.03 15.12 15.52 16.32 17.51 18.77 
28.15 27.13 26.00 24.69 23.24 21.87 20.80 20.01 19.33 18.68 18.07 17.48 16.93 16.41 15.91 15.42 14.94 14.53 14.24 14.13 14.25 14.62 15.39 16.51 17.73 
27.33 26.28 25.13 23.83 22.44 21.18 20.17 19.40 18.70 18.03 17.39 16.78 16.21 15.68 15.17 14.67 14.18 13.73 13.39 13.24 13.38 13.78 14.58 15.70 16.92 
26.62 25.55 24.37 23.12 21.81 20.60 19.60 18.82 18.10 17.41 16.75 16.12 15.52 14.97 14.45 13.95 13.45 12.96 12.57 12.38 12.55 13.04 13.97 15.25 16.62 
26.74 25.67 24.48 23.14 21.65 20.25 19.13 18.28 17.54 16.82 16.14 15.48 14.87 14.29 13.75 13.25 12.75 12.25 11.82 11.61 11.79 12.32 13.24 14.52 15.89 
26.44 25.36 24.16 22.79 21.25 19.79 18.65 17.78 17.02 16.28 15.57 14.89 14.25 13.65 13.09 12.57 12.09 11.60 11.16 10.95 11.12 11.60 12.43 13.59 14.89 
25.70 24.56 23.36 22.07 20.60 19.24 18.17 17.32 16.53 15.78 15.04 14.34 13.67 13.05 12.46 11.93 11.44 10.99 10.60 10.42 10.52 10.91 11.70 12.84 14.12 
25.01 23.86 22.63 21.35 20.02 18.78 17.75 16.90 16.10 15.32 14.56 13.84 13.15 12.49 11.89 11.33 10.83 10.40 10.07 9.89 9.91 10.28 11.19 12.51 13.97 
25.40 24.27 23.02 21.62 20.08 18.63 17.45 16.53 15.71 14.91 14.14 13.39 12.68 12.00 11.37 10.79 10.27 9.82 9.47 9.27 9.28 9.66 10.56 11.90 13.43 
25.35 24.24 22.99 21.54 19.92 18.39 17.16 16.22 15.38 14.57 13.77 13.01 12.27 11.57 10.92 10.32 9.78 9.31 8.94 8.71 8.72 9.06 9.86 11.11 12.57 
24.66 23.53 22.32 20.93 19.45 18.03 16.88 15.96 15.11 14.28 13.47 12.69 11.94 11.22 10.55 9.93 9.37 8.88 8.48 8.24 8.26 8.57 9.33 10.44 11.76 
23.98 22.81 21.61 20.29 18.94 17.71 16.66 15.76 14.90 14.06 13.24 12.44 11.68 10.95 10.27 9.64 9.06 8.55 8.14 7.88 7.88 8.27 9.20 10.57 12.14 
24.58 23.45 22.18 20.74 19.20 17.75 16.57 15.64 14.77 13.91 13.09 12.28 11.51 10.78 10.09 9.46 8.87 8.35 7.92 7.64 7.63 8.06 9.00 10.47 12.20 
25.00 23.84 22.53 21.00 19.28 17.69 16.49 15.59 14.71 13.86 13.02 12.22 11.44 10.71 10.03 9.39 8.81 8.29 7.84 7.54 7.50 7.89 8.75 10.07 11.60 
24.55 23.38 22.13 20.73 19.19 17.75 16.56 15.63 14.75 13.90 13.07 12.27 11.50 10.77 10.08 9.44 8.86 8.35 7.93 7.63 7.63 7.91 8.60 9.67 10.97 
23.92 22.78 21.59 20.27 18.93 17.69 16.64 15.74 14.88 14.04 13.21 12.42 11.65 10.93 10.25 9.61 9.04 8.54 8.14 7.88 7.89 8.21 9.04 10.30 11.76 
23.70 22.65 21.53 20.28 19.01 17.83 16.81 15.93 15.08 14.25 13.44 12.65 11.90 11.19 10.52 9.90 9.34 8.87 8.49 8.24 8.26 8.65 9.59 11.00 12.62 

Layer 15:
35.66 34.81 33.69 32.10 30.05 28.26 27.05 26.26 25.71 25.19 24.69 24.22 23.79 23.38 23.02 22.70 22.44 22.24 22.11 22.08 22.24 22.78 23.83 25.56 27.68 
35.44 34.55 33.42 31.72 29.38 27.49 26.26 25.47 24.91 24.38 23.87 23.39 22.93 22.51 22.14 21.80 21.53 21.32 21.18 21.15 21.30 21.78 22.73 24.15 25.86 
33.70 32.76 31.58 30.01 28.11 26.55 25.44 24.69 24.12 23.58 23.06 22.56 22.09 21.65 21.26 20.92 20.62 20.40 20.25 20.21 20.36 20.82 21.75 23.07 24.49 
32.39 31.40 30.18 28.73 27.17 25.74 24.65 23.92 23.34 22.79 22.25 21.74 21.26 20.81 20.40 20.03 19.72 19.48 19.33 19.28 19.42 19.97 21.03 22.70 24.58 
32.88 31.88 30.74 29.11 27.04 25.24 23.98 23.16 22.57 22.00 21.46 20.93 20.43 19.97 19.54 19.16 18.83 18.58 18.41 18.35 18.49 19.03 20.08 21.84 24.04 
32.90 31.90 30.68 28.89 26.48 24.53 23.26 22.42 21.81 21.23 20.67 20.14 19.63 19.15 18.70 18.30 17.95 17.67 17.49 17.43 17.57 18.04 18.99 20.45 22.23 
31.18 30.12 28.85 27.21 25.25 23.66 22.50 21.70 21.07 20.47 19.90 19.35 18.83 18.34 17.87 17.45 17.08 16.78 16.58 16.51 16.64 17.09 18.03 19.38 20.86 
29.90 28.79 27.47 25.95 24.36 22.91 21.79 20.99 20.35 19.73 19.14 18.58 18.05 17.54 17.07 16.62 16.22 15.89 15.68 15.59 15.71 16.25 17.32 19.04 21.03 
30.59 29.47 28.25 26.47 24.35 22.50 21.21 20.32 19.65 19.01 18.40 17.83 17.28 16.76 16.27 15.81 15.38 15.02 14.77 14.67 14.79 15.33 16.42 18.23 20.55 
30.80 29.70 28.35 26.48 23.96 21.91 20.58 19.67 18.98 18.32 17.69 17.09 16.53 15.99 15.49 15.02 14.56 14.16 13.88 13.76 13.88 14.36 15.36 16.86 18.77 
29.10 27.93 26.58 24.89 22.89 21.13 19.92 19.05 18.34 17.65 17.00 16.38 15.79 15.24 14.73 14.24 13.78 13.34 13.00 12.84 12.97 13.47 14.46 15.86 17.45 
27.79 26.56 25.15 23.59 21.96 20.49 19.32 18.46 17.73 17.02 16.34 15.70 15.09 14.52 13.99 13.49 13.01 12.54 12.14 11.91 12.10 12.72 13.89 15.68 17.80 
28.66 27.44 26.12 24.30 22.11 20.22 18.87 17.91 17.15 16.42 15.72 15.05 14.41 13.82 13.26 12.75 12.27 11.79 11.33 11.02 11.28 11.93 13.11 15.01 17.49 
29.07 27.90 26.48 24.54 21.91 19.78 18.38 17.39 16.61 15.86 15.13 14.44 13.77 13.15 12.57 12.05 11.56 11.08 10.59 10.22 10.56 11.13 12.17 13.70 15.72 
27.37 26.14 24.76 23.04 20.96 19.14 17.87 16.92 16.12 15.34 14.59 13.87 13.18 12.53 11.92 11.37 10.87 10.41 9.96 9.61 9.90 10.37 11.34 12.74 14.39 
26.10 24.80 23.35 21.75 20.11 18.62 17.42 16.50 15.67 14.87 14.10 13.35 12.63 11.96 11.32 10.74 10.22 9.76 9.39 9.18 9.20 9.71 10.84 12.67 14.89 
27.15 25.92 24.53 22.67 20.47 18.55 17.15 16.12 15.28 14.46 13.66 12.89 12.14 11.44 10.78 10.17 9.62 9.14 8.76 8.50 8.52 9.04 10.19 12.19 14.86 
27.98 26.75 25.28 23.27 20.55 18.35 16.87 15.80 14.94 14.10 13.28 12.48 11.72 10.99 10.30 9.66 9.08 8.58 8.17 7.91 7.91 8.38 9.39 11.08 13.17 
26.30 25.07 23.66 21.90 19.79 17.94 16.56 15.54 14.66 13.80 12.96 12.15 11.36 10.61 9.90 9.24 8.64 8.11 7.68 7.40 7.37 7.81 8.75 10.15 11.81 
25.04 23.74 22.28 20.66 19.01 17.52 16.31 15.33 14.44 13.57 12.72 11.89 11.09 10.32 9.59 8.91 8.29 7.75 7.29 6.99 6.95 7.47 8.57 10.35 12.66 
26.24 25.02 23.60 21.71 19.54 17.64 16.26 15.20 14.30 13.42 12.55 11.71 10.90 10.12 9.39 8.70 8.08 7.52 7.05 6.72 6.66 7.19 8.32 10.38 13.29 
27.62 26.34 24.83 22.70 19.84 17.53 16.04 15.15 14.25 13.36 12.49 11.64 10.82 10.04 9.30 8.62 8.00 7.44 6.96 6.61 6.50 6.98 8.02 9.76 11.95 
26.29 25.03 23.56 21.70 19.52 17.64 16.26 15.19 14.29 13.41 12.54 11.70 10.89 10.11 9.37 8.69 8.06 7.51 7.04 6.71 6.67 7.03 7.90 9.26 10.91 
25.01 23.72 22.26 20.65 19.00 17.50 16.29 15.32 14.42 13.55 12.69 11.86 11.06 10.29 9.56 8.88 8.27 7.73 7.29 6.99 6.96 7.41 8.45 10.17 12.28 
25.04 23.89 22.55 20.99 19.31 17.74 16.48 15.51 14.63 13.77 12.93 12.11 11.32 10.57 9.86 9.20 8.61 8.09 7.67 7.40 7.38 7.93 9.11 11.15 13.92 

Layer 16:
39.02 38.08 36.41 33.67 30.48 28.22 26.87 26.03 25.47 24.93 24.43 23.97 23.55 23.15 22.79 22.47 22.21 22.01 21.89 21.86 22.03 22.65 23.88 26.40 25830241.64 
31635456.75 31607632.97 31570295.69 25830245.54 30.12 27.49 26.10 25.24 24.67 24.13 23.61 23.13 22.69 22.27 21.90 21.57 21.29 21.08 20.94 20.91 21.08 21.66 22.79 24.72 27.42 
36.52 35.35 33.73 31.40 28.60 26.57 25.28 24.46 23.88 23.33 22.80 22.30 21.84 21.40 21.01 20.66 20.38 20.15 20.01 19.96 20.13 20.71 21.82 23.64 25.82 
34.62 33.47 31.92 29.92 27.67 25.78 24.51 23.68 23.09 22.53 21.99 21.47 20.99 20.54 20.13 19.77 19.47 19.23 19.07 19.02 19.18 19.79 20.99 23.17 26.27 
35.96 34.74 33.15 30.60 27.43 25.16 23.78 22.91 22.31 21.74 21.18 20.65 20.16 19.69 19.27 18.89 18.57 18.31 18.14 18.09 18.24 18.85 20.08 22.60 25830237.90 
31635454.17 31607630.28 31570292.90 25830242.65 27.17 24.48 23.06 22.16 21.55 20.95 20.39 19.85 19.33 18.85 18.41 18.01 17.67 17.40 17.22 17.15 17.30 17.87 18.99 20.93 23.67 
33.93 32.63 30.91 28.51 25.68 23.62 22.30 21.43 20.80 20.19 19.61 19.05 18.52 18.02 17.56 17.15 16.79 16.50 16.30 16.22 16.36 16.93 18.04 19.87 22.09 
32.06 30.78 29.14 27.09 24.83 22.91 21.60 20.72 20.07 19.44 18.84 18.27 17.72 17.21 16.73 16.30 15.91 15.60 15.38 15.29 15.43 16.02 17.22 19.40 22.55 
33.56 32.22 30.51 27.87 24.68 22.39 20.97 20.03 19.36 18.71 18.09 17.50 16.94 16.41 15.92 15.46 15.06 14.72 14.48 14.37 14.49 15.08 16.31 18.84 25830234.25 
31635452.03 31607628.02 31570290.54 25830240.16 24.57 21.81 20.34 19.37 18.67 18.00 17.36 16.75 16.17 15.63 15.12 14.65 14.21 13.84 13.57 13.45 13.56 14.12 15.25 17.21 20.01 
31.73 30.32 28.54 26.09 23.22 21.05 19.68 18.74 18.02 17.33 16.66 16.03 15.43 14.86 14.33 13.85 13.40 12.99 12.68 12.53 12.64 13.21 14.34 16.19 18.48 
29.88 28.48 26.76 24.67 22.39 20.45 19.09 18.14 17.40 16.68 15.99 15.33 14.70 14.12 13.57 13.07 12.60 12.17 11.81 11.60 11.74 12.36 13.58 15.78 19.03 
31.50 30.07 28.27 25.60 22.40 20.06 18.59 17.58 16.81 16.07 15.35 14.66 14.01 13.40 12.83 12.30 11.83 11.39 10.97 10.65 10.87 11.52 12.78 15.34 25830230.78 
31635450.33 31607626.17 31570288.64 25830238.12 22.46 19.63 18.10 17.06 16.26 15.49 14.75 14.04 13.36 12.71 12.12 11.57 11.07 10.63 10.19 9.72 10.06 10.68 11.82 13.81 16.68 
30.05 28.45 26.62 24.13 21.22 19.02 17.59 16.57 15.76 14.96 14.19 13.45 12.74 12.07 11.44 10.87 10.35 9.90 9.48 8.93 9.31 9.87 11.02 12.87 15.22 
28.13 26.67 24.91 22.81 20.51 18.57 17.17 16.14 15.30 14.48 13.69 12.92 12.18 11.48 10.82 10.21 9.66 9.18 8.78 8.53 8.53 9.13 10.33 12.51 15.78 
29.81 28.44 26.69 23.91 20.73 18.36 16.84 15.76 14.90 14.05 13.23 12.44 11.67 10.94 10.25 9.60 9.02 8.51 8.09 7.80 7.80 8.39 9.60 12.13 25830227.56 
31635449.22 31607625.02 31570287.45 25830236.79 21.05 18.15 16.55 15.43 14.55 13.68 12.84 12.02 11.22 10.46 9.74 9.07 8.45 7.91 7.47 7.17 7.13 7.66 8.77 10.73 13.66 
28.95 27.33 25.47 22.96 20.00 17.74 16.25 15.17 14.27 13.38 12.51 11.67 10.85 10.06 9.31 8.61 7.96 7.40 6.93 6.60 6.53 7.05 8.14 9.95 12.35 
27.07 25.60 23.83 21.72 19.43 17.47 16.04 14.97 14.05 13.15 12.26 11.40 10.56 9.75 8.97 8.25 7.58 6.98 6.49 6.14 6.04 6.58 7.70 9.80 13.03 
28.84 27.43 25.72 23.00 19.87 17.51 15.96 14.83 13.90 12.99 12.09 11.21 10.36 9.53 8.75 8.00 7.32 6.72 6.20 5.82 5.68 6.21 7.33 9.82 25830225.17 
31635448.97 31607624.82 31570287.13 25830236.34 20.47 17.54 15.94 14.78 13.84 12.92 12.02 11.13 10.27 9.43 8.64 7.90 7.23 6.62 6.10 5.69 5.50 5.98 7.00 8.87 11.83 
28.88 27.32 25.32 22.73 19.72 17.44 15.93 14.82 13.89 12.98 12.08 11.19 10.34 9.51 8.72 7.98 7.31 6.70 6.19 5.81 5.69 6.14 7.13 8.88 11.27 
27.04 25.58 23.81 21.70 19.40 17.45 16.02 14.95 14.03 13.12 12.23 11.37 10.52 9.71 8.94 8.21 7.55 6.96 6.48 6.14 6.04 6.56 7.67 9.68 12.80 
27.98 26.70 25.04 22.78 19.99 17.74 16.24 15.14 14.24 13.35 12.48 11.63 10.81 10.02 9.27 8.57 7.93 7.36 6.91 6.60 6.53 7.10 8.32 10.88 25830226.43 

Layer 17:
31635460.63 31607636.37 31570297.72 25830246.33 30.74 28.05 26.65 25.80 25.23 24.68 24.17 23.71 23.30 22.94 22.59 22.28 22.03 21.84 21.72 21.69 21.88 22.45 23.61 25.61 28.65 
40.41 38.31 35.48 32.33 29.25 27.15 25.85 25.03 24.45 23.88 23.36 22.87 22.45 22.06 21.69 21.37 21.09 20.89 20.76 20.72 20.91 21.48 22.62 24.50 27.01 
38.33 36.33 33.58 30.85 28.32 26.37 25.08 24.26 23.67 23.10 22.56 22.05 21.60 21.18 20.80 20.45 20.17 19.95 19.81 19.76 19.94 20.55 21.77 23.97 27.20 
37.94 36.52 34.27 31.25 28.00 25.73 24.35 23.48 22.89 22.31 21.76 21.24 20.76 20.32 19.91 19.55 19.25 19.01 18.86 18.81 18.98 19.59 20.85 23.44 25830238.97 
31635457.62 31607633.16 31570294.81 25830243.40 27.76 25.04 23.60 22.71 22.10 21.52 20.95 20.42 19.92 19.46 19.03 18.65 18.33 18.08 17.92 17.86 18.02 18.60 19.74 21.76 24.79 
37.59 35.39 32.54 29.38 26.27 24.15 22.81 21.95 21.33 20.73 20.16 19.61 19.09 18.60 18.16 17.77 17.43 17.16 16.98 16.91 17.07 17.64 18.77 20.65 23.16 
35.60 33.43 30.64 27.90 25.36 23.40 22.08 21.21 20.57 19.95 19.36 18.80 18.26 17.76 17.30 16.89 16.53 16.25 16.05 15.97 16.12 16.72 17.93 20.13 23.38 
35.33 33.76 31.42 28.38 25.12 22.83 21.41 20.49 19.83 19.20 18.59 18.01 17.45 16.93 16.45 16.02 15.65 15.34 15.13 15.03 15.17 15.77 17.01 19.59 25830235.10 
31635455.09 31607630.54 31570292.10 25830240.66 24.99 22.23 20.75 19.80 19.11 18.46 17.83 17.23 16.66 16.12 15.62 15.17 14.77 14.44 14.20 14.10 14.23 14.78 15.91 17.92 20.95 
35.02 32.72 29.88 26.72 23.59 21.43 20.06 19.13 18.42 17.74 17.09 16.47 15.88 15.32 14.80 14.33 13.91 13.55 13.29 13.18 13.28 13.83 14.95 16.82 19.34 
33.21 30.84 28.07 25.33 22.78 20.79 19.43 18.49 17.75 17.05 16.37 15.73 15.12 14.54 14.00 13.50 13.06 12.68 12.39 12.25 12.35 12.92 14.12 16.31 19.59 
33.08 31.38 28.99 25.94 22.68 20.34 18.87 17.88 17.12 16.39 15.69 15.02 14.38 13.78 13.22 12.70 12.23 11.83 11.51 11.34 11.42 12.00 13.23 15.81 25830231.31 
31635453.17 31607628.36 31570289.90 25830238.47 22.72 19.88 18.34 17.30 16.52 15.77 15.04 14.34 13.67 13.04 12.46 11.92 11.43 11.00 10.66 10.45 10.53 11.06 12.19 14.22 17.26 
33.23 30.58 27.76 24.63 21.47 19.21 17.78 16.77 15.97 15.18 14.42 13.69 13.00 12.34 11.72 11.16 10.64 10.19 9.83 9.63 9.64 10.17 11.32 13.22 15.73 
31.29 28.76 26.02 23.28 20.72 18.71 17.30 16.28 15.45 14.64 13.85 13.09 12.37 11.68 11.03 10.43 9.89 9.41 9.03 8.78 8.76 9.37 10.59 12.77 16.07 
31.29 29.51 27.09 24.05 20.81 18.44 16.92 15.84 14.99 14.15 13.33 12.54 11.78 11.06 10.38 9.74 9.17 8.67 8.26 7.98 7.93 8.53 9.75 12.30 25830227.76 
31635451.00 31607626.78 31570288.35 25830236.89 21.08 18.18 16.57 15.46 14.57 13.71 12.87 12.05 11.26 10.50 9.78 9.11 8.50 7.96 7.52 7.21 7.13 7.68 8.80 10.77 13.80 
31.79 29.12 26.33 23.18 20.00 17.70 16.22 15.13 14.22 13.33 12.46 11.62 10.79 10.00 9.25 8.54 7.89 7.32 6.84 6.49 6.40 6.92 8.02 9.89 12.40 
30.01 27.38 24.71 21.98 19.42 17.39 15.95 14.86 13.94 13.03 12.13 11.26 10.40 9.58 8.80 8.05 7.36 6.75 6.24 5.87 5.74 6.26 7.39 9.51 12.76 
30.21 28.39 25.97 22.96 19.74 17.36 15.80 14.66 13.72 12.79 11.87 10.98 10.10 9.25 8.43 7.66 6.94 6.29 5.74 5.34 5.17 5.65 6.73 9.16 25830224.52 
31635449.99 31607625.75 31570287.72 25830236.23 20.33 17.37 15.70 14.53 13.57 12.63 11.70 10.79 9.89 9.02 8.18 7.38 6.64 5.97 5.39 4.95 4.73 5.14 6.08 7.93 10.89 
31.39 28.66 25.83 22.69 19.49 17.15 15.60 14.47 13.51 12.56 11.63 10.70 9.79 8.91 8.06 7.25 6.50 5.84 5.27 4.81 4.51 4.90 5.80 7.54 10.00 
29.97 27.20 24.40 21.66 19.10 17.07 15.62 14.51 13.56 12.62 11.69 10.77 9.87 9.00 8.16 7.36 6.61 5.95 5.38 4.94 4.74 5.17 6.17 8.24 11.42 
30.17 28.32 25.87 22.87 19.68 17.33 15.77 14.64 13.70 12.77 11.85 10.95 10.07 9.21 8.39 7.62 6.90 6.25 5.72 5.34 5.17 5.67 6.80 9.31 25830224.87 
31635449.61 31607625.44 31570287.55 25830236.55 20.61 17.64 15.99 14.83 13.91 13.00 12.10 11.22 10.36 9.54 8.75 8.01 7.32 6.72 6.21 5.85 5.73 6.21 7.28 9.24 12.29 

Layer 18:
41.48 38.76 35.93 32.80 29.72 27.62 26.33 25.54 24.99 24.43 23.90 23.44 23.06 22.73 22.42 22.13 21.89 21.72 21.64 21.63 21.78 22.33 23.45 25.33 27.84 
39.68 36.86 34.06 31.33 28.80 26.85 25.58 24.78 24.23 23.65 23.09 22.60 22.18 21.84 21.51 21.21 20.95 20.76 20.65 20.64 20.80 21.39 22.60 24.80 28.08 
40.71 38.14 35.22 31.81 28.50 26.26 24.91 24.05 23.48 22.88 22.30 21.78 21.33 20.96 20.61 20.29 20.01 19.80 19.68 19.64 19.82 20.42 21.67 24.26 25830239.78 
31635459.13 31607633.91 31570295.22 25830243.87 28.29 25.60 24.20 23.31 22.72 22.11 21.53 20.99 20.51 20.11 19.72 19.37 19.07 18.85 18.71 18.67 18.84 19.41 20.55 22.55 25.59 
38.60 35.87 33.04 29.91 26.83 24.72 23.41 22.55 21.94 21.34 20.76 20.21 19.70 19.26 18.84 18.47 18.15 17.91 17.75 17.70 17.87 18.43 19.56 21.43 23.94 
36.79 33.98 31.18 28.45 25.91 23.95 22.65 21.79 21.16 20.55 19.97 19.41 18.89 18.41 17.96 17.57 17.23 16.97 16.80 16.73 16.89 17.49 18.70 20.89 24.18 
37.88 35.21 32.31 28.95 25.64 23.36 21.95 21.04 20.39 19.77 19.18 18.61 18.06 17.56 17.09 16.68 16.32 16.04 15.85 15.77 15.93 16.53 17.77 20.36 25830235.88 
31635456.49 31607631.32 31570292.61 25830241.16 25.49 22.73 21.26 20.31 19.65 19.01 18.39 17.80 17.24 16.72 16.23 15.80 15.42 15.12 14.91 14.81 14.96 15.52 16.66 18.66 21.69 
35.92 33.19 30.34 27.19 24.07 21.90 20.53 19.61 18.92 18.26 17.62 17.01 16.44 15.89 15.39 14.93 14.53 14.20 13.97 13.86 14.00 14.55 15.66 17.53 20.04 
34.06 31.24 28.45 25.71 23.17 21.21 19.86 18.93 18.22 17.53 16.87 16.24 15.64 15.08 14.55 14.07 13.65 13.30 13.05 12.92 13.04 13.61 14.80 16.99 20.28 
35.28 32.51 29.51 26.03 22.75 20.73 19.27 18.28 17.54 16.83 16.15 15.49 14.87 14.28 13.73 13.23 12.78 12.41 12.13 11.99 12.08 12.65 13.87 16.44 25830231.95 
31635454.19 31607628.94 31570290.24 25830238.78 23.05 20.22 18.69 17.67 16.90 16.16 15.45 14.77 14.12 13.51 12.93 12.40 11.93 11.53 11.23 11.06 11.13 11.64 12.77 14.77 17.81 
33.63 30.89 28.06 24.92 21.77 19.52 18.09 17.09 16.30 15.53 14.79 14.07 13.40 12.76 12.16 11.60 11.10 10.67 10.34 10.15 10.18 10.69 11.82 13.70 16.22 
31.87 29.05 26.26 23.52 20.96 18.96 17.55 16.55 15.73 14.93 14.16 13.42 12.71 12.03 11.40 10.82 10.29 9.83 9.46 9.23 9.24 9.81 11.02 13.22 16.53 
33.21 30.43 27.61 24.30 20.99 18.63 17.12 16.05 15.21 14.38 13.58 12.80 12.06 11.35 10.69 10.07 9.51 9.02 8.61 8.35 8.32 8.93 10.16 12.73 25830228.21 
31635452.44 31607627.18 31570288.49 25830237.02 21.21 18.31 16.71 15.60 14.73 13.88 13.05 12.24 11.46 10.72 10.02 9.36 8.76 8.24 7.80 7.50 7.42 7.98 9.11 11.11 14.13 
31.97 29.24 26.41 23.27 20.09 17.79 16.30 15.21 14.32 13.43 12.57 11.73 10.92 10.14 9.40 8.70 8.06 7.49 7.02 6.69 6.56 7.10 8.20 10.07 12.58 
30.35 27.53 24.73 21.99 19.43 17.41 15.97 14.88 13.96 13.05 12.16 11.29 10.44 9.62 8.84 8.10 7.42 6.81 6.29 5.91 5.75 6.30 7.43 9.55 12.81 
31.77 29.01 26.24 22.99 19.70 17.31 15.75 14.62 13.67 12.74 11.82 10.92 10.04 9.19 8.36 7.58 6.85 6.20 5.64 5.22 5.01 5.51 6.60 9.05 25830224.42 
31635451.50 31607626.32 31570287.63 25830236.14 20.24 17.27 15.60 14.42 13.46 12.51 11.57 10.64 9.73 8.84 7.98 7.16 6.39 5.68 5.08 4.61 4.37 4.74 5.68 7.58 10.54 
31.25 28.51 25.67 22.53 19.33 16.99 15.44 14.29 13.32 12.36 11.40 10.45 9.52 8.60 7.71 6.86 6.05 5.30 4.65 4.14 3.84 4.11 4.95 6.73 9.21 
29.76 26.94 24.14 21.40 18.84 16.82 15.35 14.23 13.26 12.29 11.32 10.36 9.42 8.49 7.58 6.70 5.87 5.12 4.47 3.94 3.52 3.82 4.66 6.81 10.12 
31.51 28.72 25.83 22.62 19.37 17.01 15.44 14.28 13.31 12.34 11.38 10.43 9.50 8.58 7.69 6.83 6.01 5.27 4.62 4.13 3.85 4.18 5.18 7.65 25830223.30 
31635451.66 31607626.52 31570287.80 25830236.21 20.25 17.26 15.59 14.40 13.44 12.49 11.54 10.61 9.70 8.81 7.94 7.12 6.34 5.64 5.04 4.60 4.36 4.75 5.68 7.58 10.62 
31.89 29.15 26.24 22.93 19.64 17.28 15.73 14.59 13.65 12.72 11.79 10.89 10.00 9.15 8.32 7.54 6.82 6.16 5.61 5.19 4.99 5.40 6.34 8.08 10.54 

Layer 19:
40.12 37.31 34.51 31.78 29.25 27.31 26.05 25.27 24.77 24.24 23.70 23.22 22.84 22.53 22.27 22.02 21.80 21.66 21.64 21.63 21.72 22.28 23.48 25.67 28.96 
41.39 38.63 35.67 32.26 28.93 26.66 25.30 24.48 23.96 23.46 22.87 22.36 21.95 21.63 21.37 21.09 20.85 20.68 20.64 20.64 20.73 21.30 22.54 25.12 25830240.63 
31635459.80 31607634.38 31570295.66 25830244.25 28.66 25.99 24.59 23.77 23.23 22.70 22.08 21.52 21.06 20.73 20.46 20.17 19.90 19.71 19.64 19.64 19.74 20.28 21.40 23.40 26.42 
38.97 36.23 33.40 30.30 27.22 25.15 23.89 23.10 22.55 21.96 21.32 20.72 20.22 19.84 19.57 19.25 18.96 18.75 18.64 18.64 18.75 19.29 20.40 22.26 24.76 
37.21 34.39 31.59 28.87 26.35 24.45 23.26 22.44 21.82 21.21 20.58 19.97 19.44 19.02 18.69 18.34 18.02 17.79 17.65 17.65 17.77 18.34 19.52 21.69 24.96 
38.51 35.75 32.83 29.52 26.23 23.97 22.57 21.67 21.04 20.43 19.83 19.23 18.69 18.25 17.83 17.43 17.09 16.84 16.68 16.65 16.78 17.37 18.59 21.16 25830236.67 
31635457.34 31607631.92 31570293.20 25830241.73 26.06 23.31 21.85 20.92 20.27 19.65 19.05 18.48 17.93 17.42 16.95 16.53 16.17 15.89 15.72 15.66 15.80 16.35 17.47 19.47 22.49 
36.49 33.75 30.90 27.71 24.59 22.45 21.09 20.19 19.52 18.87 18.25 17.66 17.10 16.57 16.08 15.64 15.26 14.96 14.76 14.67 14.82 15.35 16.47 18.34 20.84 
34.59 31.77 28.97 26.24 23.70 21.73 20.39 19.48 18.78 18.12 17.48 16.86 16.28 15.73 15.22 14.76 14.36 14.03 13.81 13.70 13.83 14.40 15.60 17.78 21.06 
35.80 33.04 30.12 26.78 23.48 21.21 19.76 18.79 18.07 17.38 16.72 16.08 15.48 14.91 14.37 13.89 13.46 13.11 12.86 12.73 12.85 13.43 14.65 17.23 25830232.74 
31635454.81 31607629.40 31570290.67 25830239.17 23.46 20.66 19.14 18.14 17.39 16.67 15.98 15.32 14.69 14.10 13.54 13.03 12.58 12.20 11.92 11.76 11.87 12.40 13.52 15.51 18.55 
34.03 31.29 28.44 25.25 22.09 19.92 18.50 17.52 16.74 16.00 15.28 14.59 13.93 13.31 12.73 12.19 11.71 11.31 11.00 10.81 10.90 11.41 12.52 14.39 16.90 
32.22 29.40 26.60 23.87 21.31 19.31 17.92 16.93 16.13 15.35 14.60 13.88 13.20 12.55 11.94 11.37 10.86 10.42 10.09 9.87 9.92 10.47 11.67 13.87 17.16 
33.54 30.78 27.89 24.60 21.29 18.94 17.43 16.38 15.55 14.75 13.97 13.21 12.49 11.81 11.17 10.57 10.03 9.56 9.18 8.94 8.95 9.52 10.77 13.36 25830228.86 
31635452.86 31607627.44 31570288.75 25830237.27 21.46 18.57 16.98 15.88 15.02 14.19 13.38 12.59 11.83 11.11 10.43 9.80 9.23 8.72 8.30 8.03 7.98 8.55 9.68 11.68 14.69 
32.18 29.44 26.60 23.46 20.28 17.99 16.50 15.43 14.55 13.68 12.83 12.01 11.22 10.46 9.74 9.07 8.45 7.91 7.45 7.13 7.03 7.58 8.68 10.54 13.04 
30.48 27.67 24.87 22.13 19.57 17.55 16.11 15.03 14.12 13.23 12.35 11.49 10.66 9.86 9.10 8.38 7.72 7.13 6.63 6.27 6.10 6.67 7.80 9.92 13.18 
31.94 29.18 26.31 23.07 19.78 17.39 15.83 14.70 13.77 12.84 11.93 11.04 10.17 9.33 8.52 7.76 7.05 6.40 5.85 5.44 5.21 5.73 6.81 9.24 25830224.62 
31635451.76 31607626.34 31570287.65 25830236.15 20.25 17.28 15.62 14.44 13.48 12.53 11.60 10.67 9.77 8.88 8.03 7.22 6.45 5.75 5.14 4.66 4.38 4.79 5.72 7.63 10.60 
31.21 28.47 25.64 22.49 19.29 16.95 15.40 14.25 13.27 12.31 11.35 10.39 9.46 8.53 7.64 6.77 5.96 5.20 4.53 4.00 3.65 4.00 4.86 6.65 9.13 
29.67 26.85 24.05 21.31 18.75 16.72 15.26 14.13 13.14 12.16 11.19 10.21 9.25 8.30 7.36 6.45 5.59 4.78 4.06 3.47 3.06 3.23 4.17 6.31 9.64 
31.25 28.50 25.65 22.45 19.20 16.83 15.25 14.08 13.09 12.10 11.11 10.13 9.16 8.19 7.23 6.29 5.38 4.51 3.74 3.10 2.56 2.58 3.53 6.19 25830221.94 
31635451.72 31607626.29 31570287.59 25830236.00 20.02 17.02 15.33 14.12 13.13 12.15 11.17 10.20 9.23 8.28 7.34 6.42 5.55 4.73 4.01 3.44 3.04 3.14 4.02 5.97 9.07 
31.31 28.56 25.72 22.55 19.32 16.96 15.39 14.23 13.26 12.29 11.33 10.37 9.43 8.51 7.60 6.73 5.91 5.16 4.50 3.97 3.63 3.89 4.68 6.43 8.90 
29.93 27.11 24.31 21.57 19.01 16.99 15.53 14.42 13.46 12.51 11.57 10.65 9.74 8.85 8.00 7.19 6.43 5.73 5.12 4.64 4.36 4.78 5.69 7.59 10.63 

Layer 20:
42.09 39.32 36.32 32.91 29.59 27.32 25.95 25.15 24.68 24.15 23.59 23.12 22.71 22.37 22.12 21.94 21.75 21.64 21.64 21.64 21.69 22.24 23.47 26.05 25830241.58 
31635460.69 31607635.25 31570296.48 25830244.97 29.32 26.58 25.14 24.28 23.81 23.37 22.76 22.23 21.82 21.47 21.20 21.01 20.79 20.65 20.64 20.64 20.69 21.20 22.31 24.29 27.32 
39.67 36.91 34.03 30.83 27.71 25.63 24.34 23.48 22.92 22.63 21.97 21.37 20.90 20.58 20.33 20.09 19.84 19.67 19.64 19.64 19.70 20.19 21.27 23.11 25.61 
37.61 34.79 31.99 29.26 26.73 24.80 23.59 22.85 22.14 21.90 21.23 20.57 20.01 19.65 19.50 19.19 18.89 18.70 18.64 18.64 18.70 19.21 20.35 22.51 25.77 
38.90 36.14 33.21 29.86 26.53 24.20 22.85 22.38 21.76 21.14 20.52 19.84 19.18 18.71 18.62 18.26 17.95 17.73 17.64 17.64 17.71 18.21 19.38 21.94 25830237.39 
31635458.02 31607632.59 31570293.87 25830242.38 26.70 23.95 22.52 21.61 20.98 20.36 19.77 19.15 18.48 17.87 17.76 17.35 17.01 16.77 16.65 16.65 16.71 17.19 18.26 20.22 23.25 
37.13 34.39 31.53 28.34 25.21 23.08 21.74 20.85 20.20 19.58 18.98 18.41 17.86 17.35 16.87 16.45 16.09 15.81 15.66 15.66 15.72 16.24 17.29 19.14 21.64 
35.19 32.37 29.58 26.84 24.30 22.33 21.01 20.11 19.44 18.80 18.18 17.59 17.02 16.49 16.00 15.55 15.17 14.87 14.68 14.66 14.73 15.28 16.47 18.65 21.93 
36.36 33.60 30.68 27.37 24.07 21.78 20.35 19.40 18.70 18.03 17.39 16.78 16.20 15.65 15.13 14.66 14.25 13.93 13.71 13.66 13.73 14.30 15.53 18.11 25830233.63 
31635455.38 31607629.97 31570291.23 25830239.70 23.99 21.20 19.70 18.71 17.99 17.29 16.63 15.99 15.39 14.81 14.28 13.79 13.35 13.00 12.75 12.67 12.74 13.26 14.38 16.37 19.41 
34.54 31.80 28.94 25.74 22.59 20.42 19.02 18.05 17.30 16.58 15.89 15.22 14.59 14.00 13.44 12.92 12.46 12.08 11.80 11.67 11.75 12.26 13.37 15.23 17.74 
32.68 29.86 27.06 24.32 21.77 19.77 18.40 17.42 16.65 15.90 15.17 14.48 13.82 13.20 12.61 12.07 11.58 11.17 10.86 10.68 10.76 11.31 12.50 14.69 17.97 
33.93 31.17 28.28 25.00 21.70 19.36 17.86 16.83 16.03 15.25 14.49 13.77 13.08 12.42 11.81 11.23 10.72 10.27 9.93 9.70 9.77 10.33 11.57 14.17 25830229.70 
31635453.25 31607627.82 31570289.12 25830237.63 21.81 18.93 17.36 16.28 15.45 14.64 13.85 13.09 12.36 11.67 11.02 10.42 9.87 9.39 9.01 8.76 8.77 9.31 10.44 12.45 15.48 
32.50 29.76 26.92 23.76 20.59 18.30 16.83 15.78 14.91 14.07 13.25 12.46 11.69 10.96 10.27 9.63 9.05 8.53 8.11 7.82 7.78 8.33 9.43 11.28 13.79 
30.74 27.92 25.12 22.39 19.83 17.81 16.38 15.32 14.43 13.56 12.70 11.87 11.07 10.30 9.57 8.88 8.25 7.70 7.23 6.90 6.80 7.36 8.50 10.65 13.91 
32.12 29.37 26.49 23.25 19.97 17.59 16.04 14.92 14.00 13.10 12.21 11.35 10.50 9.69 8.91 8.18 7.50 6.89 6.38 6.00 5.82 6.35 7.46 9.95 25830225.33 
31635451.91 31607626.48 31570287.79 25830236.26 20.36 17.41 15.76 14.59 13.65 12.71 11.79 10.89 10.01 9.15 8.32 7.54 6.80 6.14 5.55 5.11 4.85 5.21 6.18 8.07 11.06 
31.29 28.55 25.71 22.56 19.35 17.02 15.47 14.33 13.36 12.40 11.45 10.51 9.59 8.69 7.81 6.97 6.18 5.45 4.79 4.26 3.92 4.12 5.08 6.88 9.37 
29.68 26.86 24.06 21.32 18.76 16.73 15.27 14.14 13.16 12.18 11.21 10.24 9.28 8.34 7.41 6.51 5.65 4.85 4.12 3.50 3.05 3.23 4.26 6.37 9.69 
31.20 28.45 25.60 22.41 19.16 16.79 15.21 14.03 13.04 12.05 11.06 10.07 9.09 8.11 7.15 6.19 5.27 4.38 3.58 2.89 2.32 2.21 3.65 6.16 25830221.46 
31635451.62 31607626.19 31570287.49 25830235.92 19.93 16.92 15.22 14.00 13.00 12.01 11.01 10.01 9.02 8.03 7.03 6.05 5.07 4.11 3.19 2.41 1.67 1.26 2.64 4.63 7.74 
31.13 28.39 25.55 22.38 19.14 16.78 15.20 14.03 13.04 12.04 11.05 10.07 9.08 8.10 7.13 6.18 5.24 4.36 3.58 2.90 2.30 2.11 3.29 5.03 7.50 
29.67 26.85 24.05 21.31 18.75 16.72 15.26 14.13 13.15 12.17 11.19 10.23 9.27 8.32 7.39 6.49 5.63 4.84 4.12 3.50 3.03 3.14 4.11 6.08 9.16 
31.33 28.60 25.76 22.58 19.36 17.02 15.46 14.32 13.35 12.39 11.44 10.50 9.58 8.67 7.80 6.96 6.17 5.44 4.78 4.25 3.91 4.20 5.27 7.81 25830223.47 

Layer 21:
31635461.68 31607636.24 31570297.47 25830245.92 30.21 27.48 26.08 25.25 24.74 24.20 23.65 23.15 22.71 22.32 22.06 21.92 21.75 21.64 21.64 21.64 21.68 22.19 23.31 25.30 28.33 
40.64 37.89 34.98 31.76 28.64 26.54 25.25 24.45 23.94 23.42 22.83 22.30 21.83 21.39 21.08 20.99 20.79 20.64 20.64 20.64 20.68 21.18 22.27 24.12 26.63 
38.53 35.72 32.92 30.19 27.67 25.74 24.50 23.73 23.20 22.65 22.04 21.47 20.99 20.52 20.13 20.08 19.83 19.66 19.64 19.64 19.68 20.20 21.35 23.51 26.77 
39.44 36.69 33.81 30.59 27.36 25.17 23.86 23.05 22.53 21.90 21.27 20.68 20.17 19.72 19.25 19.17 18.88 18.69 18.64 18.64 18.68 19.17 20.32 22.86 25830238.36 
31635458.76 31607633.34 31570294.61 25830243.05 27.28 24.58 23.26 22.36 21.75 21.14 20.52 19.91 19.39 18.98 18.63 18.25 17.93 17.72 17.64 17.64 17.69 18.06 19.06 20.98 24.02 
37.84 35.09 32.23 29.04 25.91 23.79 22.46 21.59 20.96 20.35 19.75 19.17 18.63 18.22 17.76 17.34 17.00 16.75 16.64 16.65 16.69 16.96 17.98 19.85 22.35 
35.87 33.05 30.25 27.52 24.98 23.02 21.70 20.83 20.18 19.55 18.96 18.39 17.85 17.34 16.87 16.43 16.07 15.79 15.65 15.66 15.69 15.96 17.19 19.46 22.76 
36.99 34.24 31.32 28.02 24.73 22.44 21.02 20.09 19.42 18.77 18.15 17.57 17.01 16.48 15.99 15.53 15.14 14.84 14.66 14.66 14.69 15.25 16.48 19.07 25830234.62 
31635456.03 31607630.61 31570291.87 25830240.33 24.61 21.83 20.34 19.37 18.68 18.01 17.37 16.76 16.18 15.63 15.12 14.65 14.23 13.90 13.69 13.66 13.70 14.21 15.33 17.32 20.36 
35.16 32.43 29.55 26.32 23.18 21.01 19.63 18.68 17.96 17.27 16.60 15.96 15.36 14.79 14.26 13.77 13.33 12.96 12.72 12.66 12.70 13.21 14.31 16.17 18.68 
33.23 30.41 27.62 24.88 22.33 20.34 18.97 18.02 17.27 16.55 15.86 15.19 14.56 13.97 13.41 12.90 12.43 12.04 11.76 11.67 11.70 12.25 13.44 15.62 18.89 
34.43 31.68 28.79 25.51 22.21 19.88 18.40 17.39 16.61 15.86 15.14 14.45 13.79 13.16 12.58 12.04 11.55 11.12 10.81 10.69 10.70 11.26 12.50 15.12 25830230.67 
31635453.75 31607628.32 31570289.61 25830238.10 22.28 19.42 17.86 16.80 15.99 15.21 14.45 13.73 13.04 12.38 11.77 11.20 10.68 10.22 9.87 9.69 9.71 10.23 11.37 13.38 16.42 
32.94 30.20 27.35 24.19 21.01 18.73 17.28 16.25 15.41 14.60 13.81 13.05 12.32 11.63 10.98 10.37 9.82 9.34 8.94 8.70 8.71 9.25 10.37 12.23 14.74 
31.12 28.30 25.50 22.77 20.21 18.20 16.78 15.74 14.87 14.03 13.21 12.41 11.64 10.91 10.22 9.58 8.99 8.47 8.03 7.73 7.72 8.30 9.47 11.63 14.89 
32.42 29.67 26.80 23.57 20.29 17.92 16.38 15.28 14.39 13.51 12.65 11.82 11.01 10.24 9.51 8.82 8.18 7.62 7.14 6.80 6.72 7.28 8.44 10.97 25830226.43 
31635452.19 31607626.76 31570288.06 25830236.50 20.61 17.67 16.03 14.88 13.96 13.05 12.16 11.29 10.44 9.62 8.84 8.10 7.42 6.80 6.28 5.88 5.73 6.16 7.16 9.04 12.03 
31.50 28.76 25.91 22.73 19.52 17.20 15.67 14.55 13.60 12.66 11.74 10.83 9.94 9.08 8.24 7.45 6.70 6.02 5.45 5.00 4.73 5.04 5.98 7.76 10.24 
29.81 26.99 24.19 21.45 18.89 16.86 15.40 14.29 13.32 12.35 11.40 10.45 9.52 8.61 7.73 6.88 6.07 5.31 4.64 4.11 3.74 3.85 4.96 7.13 10.41 
31.26 28.51 25.66 22.47 19.22 16.85 15.27 14.10 13.12 12.13 11.15 10.18 9.21 8.26 7.32 6.41 5.54 4.71 3.94 3.26 2.76 2.58 4.00 6.64 25830222.25 
31635451.64 31607626.21 31570287.51 25830235.92 19.93 16.92 15.22 14.00 13.01 12.01 11.02 10.02 9.03 8.05 7.07 6.10 5.15 4.25 3.38 2.56 1.83 1.26 2.70 4.89 8.01 
31.09 28.35 25.50 22.33 19.10 16.74 15.16 14.00 13.00 12.00 11.00 10.00 9.00 8.00 7.00 6.00 5.00 4.00 3.00 2.00 1.00 0.00 1.63 3.72 6.30 
29.55 26.73 23.94 21.20 18.63 16.61 15.14 14.00 13.01 12.01 11.02 10.02 9.03 8.05 7.07 6.10 5.15 4.25 3.38 2.56 1.83 1.26 2.70 4.89 8.01 
31.16 28.41 25.57 22.40 19.19 16.84 15.27 14.10 13.11 12.13 11.15 10.18 9.21 8.26 7.32 6.41 5.54 4.71 3.94 3.26 2.76 2.58 4.00 6.64 25830222.25 
31635451.68 31607626.33 31570287.64 25830236.08 20.14 17.16 15.48 14.28 13.32 12.35 11.40 10.45 9.52 8.61 7.73 6.88 6.07 5.31 4.64 4.11 3.74 3.85 4.96 7.13 10.43 

Layer 22:
41.62 38.88 35.99 32.77 29.65 27.55 26.26 25.46 24.91 24.34 23.80 23.29 22.84 22.46 22.17 21.97 21.78 21.65 21.64 21.63 21.69 22.21 23.32 25.18 27.69 
39.54 36.73 33.93 31.20 28.67 26.74 25.48 24.69 24.13 23.55 22.99 22.47 21.99 21.58 21.26 21.04 20.82 20.67 20.64 20.64 20.70 21.25 22.43 24.61 27.87 
40.45 37.71 34.82 31.57 28.34 26.12 24.78 23.93 23.35 22.76 22.19 21.66 21.18 20.74 20.39 20.12 19.86 19.69 19.64 19.64 19.70 20.24 21.45 24.02 25830239.58 
31635459.68 31607634.25 31570295.41 25830243.88 28.18 25.46 24.05 23.17 22.57 21.97 21.40 20.86 20.37 19.92 19.55 19.21 18.91 18.72 18.64 18.64 18.70 19.18 20.26 22.21 25.24 
38.63 35.88 33.01 29.80 26.68 24.56 23.24 22.38 21.77 21.18 20.60 20.06 19.56 19.10 18.67 18.28 17.97 17.75 17.64 17.64 17.71 18.16 19.20 21.02 23.51 
36.61 33.79 31.00 28.27 25.73 23.77 22.47 21.61 20.98 20.37 19.80 19.24 18.72 18.23 17.77 17.37 17.03 16.78 16.65 16.65 16.71 17.21 18.34 20.48 23.70 
37.69 34.94 32.03 28.73 25.45 23.17 21.77 20.85 20.20 19.58 18.98 18.41 17.87 17.36 16.89 16.46 16.10 15.83 15.66 15.66 15.72 16.27 17.44 20.05 25830235.67 
31635456.96 31607631.44 31570292.58 25830241.04 25.31 22.54 21.06 20.11 19.44 18.80 18.18 17.59 17.03 16.50 16.01 15.56 15.18 14.88 14.69 14.66 14.72 15.25 16.37 18.37 21.42 
35.83 33.08 30.21 27.00 23.85 21.70 20.33 19.40 18.71 18.04 17.39 16.78 16.20 15.65 15.14 14.67 14.26 13.94 13.72 13.66 13.73 14.25 15.36 17.22 19.72 
33.88 31.06 28.26 25.53 22.98 20.99 19.64 18.71 17.99 17.30 16.63 15.99 15.39 14.82 14.28 13.79 13.36 13.00 12.76 12.67 12.74 13.29 14.48 16.66 19.91 
35.02 32.27 29.38 26.11 22.82 20.50 19.04 18.05 17.30 16.58 15.89 15.22 14.59 14.00 13.44 12.92 12.46 12.08 11.80 11.69 11.74 12.30 13.53 16.15 25830231.73 
31635454.58 31607629.06 31570290.20 25830238.64 22.85 20.00 18.46 17.42 16.65 15.90 15.17 14.48 13.82 13.20 12.61 12.07 11.58 11.17 10.86 10.69 10.75 11.27 12.39 14.40 17.46 
33.50 30.76 27.90 24.72 21.55 19.27 17.84 16.83 16.03 15.25 14.49 13.77 13.07 12.42 11.80 11.23 10.71 10.27 9.92 9.70 9.76 10.27 11.39 13.27 15.78 
31.61 28.80 26.00 23.26 20.71 18.70 17.29 16.28 15.45 14.63 13.85 13.09 12.36 11.67 11.02 10.42 9.87 9.39 9.00 8.74 8.77 9.34 10.55 12.73 15.98 
32.85 30.10 27.23 24.00 20.73 18.37 16.85 15.77 14.91 14.07 13.25 12.45 11.69 10.96 10.27 9.63 9.04 8.52 8.10 7.80 7.78 8.39 9.60 12.18 25830227.73 
31635452.72 31607627.29 31570288.49 25830236.89 20.99 18.06 16.44 15.32 14.43 13.55 12.70 11.87 11.06 10.29 9.56 8.88 8.25 7.69 7.22 6.88 6.79 7.32 8.38 10.32 13.33 
31.85 29.10 26.25 23.06 19.85 17.53 16.02 14.92 14.00 13.10 12.21 11.34 10.49 9.68 8.90 8.17 7.49 6.89 6.37 5.98 5.81 6.26 7.26 9.06 11.55 
30.08 27.26 24.46 21.72 19.16 17.14 15.69 14.59 13.64 12.71 11.79 10.88 9.99 9.14 8.31 7.52 6.79 6.13 5.54 5.09 4.84 5.24 6.27 8.40 11.62 
31.45 28.70 25.85 22.67 19.42 17.05 15.48 14.33 13.36 12.40 11.45 10.51 9.58 8.68 7.80 6.96 6.17 5.44 4.78 4.25 3.91 4.20 5.27 7.81 25830223.47 
31635451.76 31607626.32 31570287.62 25830236.02 20.03 17.04 15.35 14.14 13.16 12.18 11.20 10.23 9.27 8.32 7.40 6.49 5.63 4.84 4.12 3.50 3.03 3.14 4.11 6.08 9.16 
31.17 28.42 25.57 22.39 19.15 16.79 15.21 14.04 13.04 12.05 11.06 10.07 9.09 8.11 7.13 6.18 5.24 4.36 3.58 2.90 2.30 2.11 3.29 5.03 7.50 
29.56 26.74 23.95 21.21 18.64 16.62 15.15 14.01 13.01 12.01 11.02 10.02 9.02 8.03 7.04 6.05 5.07 4.11 3.19 2.41 1.67 1.26 2.64 4.63 7.74 
31.09 28.35 25.51 22.35 19.14 16.78 15.21 14.04 13.05 12.06 11.07 10.08 9.10 8.12 7.15 6.19 5.27 4.38 3.58 2.89 2.32 2.21 3.65 6.16 25830221.46 
31635451.26 31607626.15 31570287.51 25830235.97 20.03 17.04 15.35 14.15 13.17 12.19 11.21 10.25 9.29 8.34 7.41 6.51 5.65 4.85 4.12 3.50 3.05 3.23 4.26 6.37 9.69 
30.64 28.50 25.89 22.74 19.46 17.06 15.49 14.33 13.37 12.41 11.46 10.52 9.60 8.69 7.82 6.97 6.18 5.45 4.79 4.26 3.92 4.12 5.08 6.88 9.37 

Layer 23:
40.51 37.70 34.90 32.17 29.64 27.71 26.44 25.63 25.06 24.51 23.99 23.51 23.07 22.68 22.37 22.10 21.89 21.74 21.66 21.64 21.74 22.31 23.53 25.77 29.03 
41.46 38.72 35.81 32.52 29.28 27.07 25.69 24.83 24.26 23.70 23.17 22.68 22.22 21.81 21.47 21.17 20.93 20.76 20.67 20.64 20.75 21.33 22.57 25.21 25830240.93 
31635460.83 31607635.31 31570296.44 25830244.86 29.10 26.34 24.91 24.03 23.45 22.89 22.35 21.85 21.38 20.95 20.57 20.24 19.97 19.79 19.68 19.64 19.76 20.29 21.42 23.42 26.47 
39.78 36.89 33.84 30.63 27.51 25.39 24.08 23.23 22.64 22.07 21.53 21.01 20.53 20.07 19.67 19.31 19.02 18.82 18.70 18.65 18.77 19.30 20.41 22.26 24.76 
37.44 34.62 31.82 29.09 26.55 24.60 23.30 22.45 21.84 21.25 20.70 20.16 19.66 19.19 18.76 18.39 18.08 17.86 17.72 17.66 17.78 18.35 19.55 21.69 24.91 
38.46 35.72 32.82 29.55 26.28 23.99 22.58 21.68 21.05 20.45 19.87 19.32 18.80 18.31 17.87 17.47 17.14 16.90 16.74 16.67 16.79 17.38 18.62 21.24 25830236.92 
31635458.00 31607632.48 31570293.60 25830241.96 26.14 23.33 21.86 20.92 20.28 19.65 19.06 18.49 17.95 17.45 16.98 16.57 16.21 15.94 15.77 15.68 15.81 16.35 17.48 19.48 22.54 
36.92 34.03 30.98 27.76 24.62 22.46 21.10 20.19 19.52 18.88 18.26 17.67 17.11 16.59 16.11 15.67 15.29 15.00 14.81 14.70 14.82 15.35 16.47 18.34 20.85 
34.59 31.78 28.98 26.25 23.71 21.74 20.40 19.48 18.79 18.12 17.48 16.87 16.29 15.75 15.24 14.78 14.38 14.06 13.84 13.73 13.84 14.41 15.61 17.82 21.06 
35.70 32.94 29.98 26.59 23.33 21.23 19.77 18.80 18.08 17.39 16.72 16.09 15.48 14.92 14.39 13.91 13.48 13.13 12.89 12.75 12.85 13.42 14.66 17.30 25830233.01 
31635455.44 31607629.92 31570291.03 25830239.38 23.54 20.69 19.15 18.14 17.40 16.68 15.99 15.33 14.70 14.11 13.55 13.05 12.59 12.22 11.94 11.78 11.87 12.39 13.52 15.52 18.58 
34.49 31.60 28.53 25.28 22.11 19.92 18.50 17.52 16.74 16.00 15.28 14.59 13.93 13.31 12.73 12.20 11.72 11.31 11.01 10.81 10.89 11.40 12.52 14.40 16.91 
32.22 29.41 26.61 23.87 21.32 19.31 17.92 16.93 16.13 15.35 14.60 13.88 13.20 12.55 11.94 11.37 10.87 10.43 10.09 9.86 9.91 10.47 11.69 13.91 17.15 
33.38 30.64 27.78 24.56 21.30 18.95 17.43 16.38 15.55 14.75 13.96 13.21 12.49 11.81 11.17 10.57 10.03 9.56 9.18 8.93 8.94 9.53 10.79 13.43 25830229.13 
31635453.42 31607627.91 31570289.05 25830237.43 21.53 18.59 16.98 15.88 15.02 14.18 13.37 12.58 11.83 11.11 10.43 9.80 9.22 8.71 8.29 8.01 7.97 8.54 9.67 11.66 14.72 
32.68 29.80 26.75 23.51 20.30 17.99 16.51 15.43 14.54 13.67 12.83 12.00 11.21 10.45 9.73 9.06 8.44 7.90 7.44 7.11 7.02 7.56 8.65 10.48 12.98 
30.48 27.67 24.87 22.13 19.57 17.55 16.11 15.03 14.12 13.22 12.34 11.48 10.65 9.85 9.09 8.37 7.71 7.12 6.61 6.25 6.09 6.65 7.78 9.87 13.03 
31.77 29.03 26.18 23.00 19.75 17.39 15.83 14.70 13.77 12.84 11.93 11.03 10.16 9.31 8.51 7.74 7.03 6.39 5.83 5.42 5.20 5.75 6.85 9.37 25830224.96 
31635452.10 31607626.68 31570287.87 25830236.26 20.32 17.31 15.63 14.44 13.48 12.53 11.59 10.66 9.75 8.86 8.01 7.19 6.43 5.73 5.12 4.64 4.36 4.78 5.69 7.59 10.63 
31.77 28.90 25.83 22.58 19.34 16.98 15.41 14.26 13.28 12.31 11.35 10.39 9.45 8.52 7.61 6.74 5.91 5.16 4.50 3.97 3.63 3.89 4.68 6.43 8.90 
29.69 26.87 24.07 21.33 18.77 16.74 15.28 14.15 13.16 12.18 11.20 10.22 9.25 8.30 7.35 6.43 5.55 4.73 4.01 3.44 3.04 3.14 4.02 5.97 9.07 
31.15 28.41 25.57 22.41 19.19 16.84 15.27 14.10 13.11 12.12 11.13 10.15 9.17 8.20 7.23 6.29 5.38 4.51 3.74 3.10 2.56 2.58 3.53 6.19 25830221.94 
31635451.27 31607626.15 31570287.51 25830235.99 20.07 17.06 15.36 14.15 13.17 12.19 11.21 10.24 9.27 8.31 7.37 6.46 5.59 4.78 4.06 3.47 3.06 3.23 4.17 6.31 9.65 
30.08 28.03 25.57 22.58 19.39 17.02 15.44 14.27 13.30 12.33 11.37 10.41 9.47 8.55 7.65 6.78 5.96 5.20 4.53 4.00 3.65 4.00 4.86 6.65 9.13 
27.57 25.66 23.61 21.35 19.00 17.03 15.57 14.46 13.50 12.55 11.62 10.69 9.78 8.89 8.04 7.22 6.45 5.75 5.14 4.66 4.38 4.79 5.72 7.63 10.60 

Layer 24:
42.57 39.82 36.87 33.53 30.26 27.98 26.60 25.76 25.22 24.69 24.20 23.73 23.30 22.92 22.58 22.28 22.05 21.90 21.80 21.75 21.83 22.41 23.66 26.31 25830242.08 
31635462.02 31607636.42 31570297.46 25830245.77 29.99 27.23 25.81 24.95 24.39 23.85 23.35 22.87 22.43 22.02 21.66 21.34 21.10 20.93 20.82 20.76 20.84 21.38 22.51 24.52 27.60 
41.01 38.00 34.83 31.53 28.38 26.27 24.97 24.14 23.57 23.02 22.50 22.01 21.54 21.12 20.74 20.41 20.15 19.96 19.84 19.77 19.86 20.39 21.52 23.39 25.90 
38.30 35.48 32.68 29.95 27.42 25.46 24.17 23.34 22.75 22.19 21.65 21.14 20.67 20.23 19.83 19.48 19.20 19.00 18.87 18.78 18.88 19.45 20.68 22.87 26.11 
39.30 36.56 33.66 30.39 27.13 24.85 23.44 22.56 21.95 21.37 20.82 20.29 19.80 19.34 18.92 18.56 18.26 18.04 17.90 17.81 17.90 18.48 19.74 22.38 25830238.09 
31635459.05 31607633.45 31570294.49 25830242.79 26.97 24.17 22.71 21.79 21.17 20.57 20.00 19.45 18.94 18.46 18.03 17.65 17.33 17.09 16.94 16.83 16.92 17.47 18.60 20.61 23.69 
38.11 35.09 31.91 28.59 25.42 23.28 21.93 21.05 20.40 19.78 19.19 18.63 18.10 17.60 17.15 16.75 16.41 16.14 15.97 15.86 15.95 16.49 17.61 19.49 22.00 
35.40 32.58 29.78 27.05 24.51 22.54 21.21 20.32 19.65 19.01 18.40 17.82 17.26 16.75 16.28 15.85 15.49 15.20 15.02 14.89 14.98 15.55 16.76 19.00 22.24 
36.44 33.70 30.81 27.55 24.29 22.01 20.56 19.62 18.93 18.26 17.63 17.02 16.45 15.91 15.42 14.97 14.58 14.27 14.06 13.93 14.01 14.59 15.83 18.48 25830234.20 
31635456.41 31607630.79 31570291.78 25830240.01 24.23 21.44 19.92 18.94 18.22 17.54 16.88 16.25 15.65 15.09 14.57 14.10 13.69 13.35 13.11 12.97 13.05 13.57 14.70 16.70 19.78 
35.61 32.58 29.37 26.03 22.82 20.65 19.25 18.29 17.55 16.83 16.15 15.49 14.87 14.29 13.75 13.25 12.81 12.45 12.18 12.02 12.08 12.60 13.71 15.57 18.08 
32.91 30.09 27.29 24.55 22.00 20.01 18.63 17.67 16.90 16.16 15.45 14.77 14.12 13.51 12.94 12.42 11.95 11.55 11.25 11.08 11.12 11.68 12.90 15.06 18.28 
34.02 31.28 28.41 25.19 21.93 19.60 18.11 17.08 16.29 15.52 14.78 14.07 13.39 12.75 12.15 11.60 11.11 10.68 10.35 10.14 10.17 10.76 12.03 14.68 25830230.39 
31635454.19 31607628.68 31570289.73 25830238.03 22.13 19.20 17.61 16.54 15.72 14.92 14.15 13.41 12.70 12.03 11.40 10.82 10.29 9.83 9.46 9.23 9.23 9.81 10.95 12.95 16.03 
33.70 30.67 27.47 24.11 20.86 18.56 17.10 16.04 15.20 14.37 13.57 12.79 12.05 11.34 10.68 10.06 9.50 9.01 8.60 8.34 8.30 8.85 9.96 11.82 14.32 
31.00 28.18 25.38 22.64 20.08 18.07 16.65 15.60 14.72 13.87 13.03 12.22 11.44 10.70 10.00 9.35 8.75 8.22 7.78 7.48 7.40 7.99 9.19 11.30 14.47 
32.22 29.48 26.63 23.44 20.19 17.84 16.32 15.21 14.31 13.42 12.56 11.71 10.90 10.11 9.37 8.68 8.04 7.47 7.00 6.66 6.54 7.13 8.36 10.95 25830226.54 
31635452.49 31607627.07 31570288.31 25830236.57 20.63 17.68 16.04 14.89 13.96 13.05 12.15 11.27 10.42 9.59 8.81 8.07 7.39 6.78 6.27 5.89 5.73 6.22 7.30 9.26 12.32 
32.63 29.56 26.29 22.85 19.54 17.20 15.76 14.63 13.68 12.75 11.82 10.91 10.02 9.16 8.33 7.54 6.82 6.16 5.61 5.19 4.99 5.40 6.34 8.10 10.57 
29.96 27.14 24.34 21.60 19.04 17.01 15.55 14.44 13.48 12.53 11.58 10.65 9.72 8.82 7.95 7.12 6.34 5.64 5.04 4.60 4.36 4.75 5.68 7.58 10.62 
31.33 28.59 25.76 22.60 19.38 17.03 15.47 14.33 13.35 12.39 11.43 10.47 9.53 8.61 7.70 6.83 6.01 5.27 4.62 4.13 3.85 4.18 5.18 7.66 25830223.30 
31635451.68 31607626.32 31570287.63 25830236.11 20.18 17.17 15.46 14.26 13.29 12.31 11.34 10.38 9.43 8.50 7.58 6.70 5.87 5.12 4.47 3.94 3.52 3.82 4.66 6.82 10.14 
30.64 28.51 25.89 22.75 19.47 17.07 15.50 14.34 13.36 12.40 11.44 10.49 9.55 8.63 7.73 6.86 6.05 5.30 4.65 4.14 3.84 4.11 4.95 6.73 9.21 
27.57 25.66 23.61 21.35 19.00 17.03 15.57 14.46 13.50 12.55 11.60 10.67 9.76 8.86 7.99 7.17 6.39 5.68 5.08 4.61 4.37 4.74 5.68 7.58 10.54 
25.41 23.62 21.85 20.09 18.40 16.90 15.67 14.65 13.71 12.77 11.85 10.95 10.06 9.20 8.37 7.59 6.85 6.20 5.64 5.22 5.01 5.51 6.60 9.05 25830224.42 

