71582834.52 44739288.17 44739286.39 44739285.33 44739284.29 44739283.28 44739282.27 44739281.28 44739280.27 44739279.19 44739278.03 44739276.75 44739275.40 44739274.06 44739272.71 44739271.38 44739270.09 44739268.85 44739267.63 44739266.37 44739265.03 44739263.76 44739262.79 44739261.92 44739261.08 44739260.26 44739259.47 44739258.72 44739258.02 44739257.37 44739256.78 44739256.24 44739255.78 44739255.47 44739255.46 44739255.67 44739256.43 44739257.84 44739260.33 44739263.55 44739267.15 44739270.92 44739273.91 44739273.70 44739272.30 44739271.53 44739271.32 44739271.38 44739271.71 44739272.61 44739274.26 71582820.57 
44739288.20 44.84 42.76 41.65 40.64 39.60 38.59 37.61 36.60 35.53 34.38 33.13 31.78 30.45 29.09 27.77 26.47 25.22 24.00 22.75 21.40 20.11 19.14 18.24 17.39 16.56 15.77 15.01 14.30 13.65 13.06 12.52 12.05 11.73 11.71 12.03 12.75 14.36 17.08 20.44 24.12 27.95 31.61 30.21 28.62 27.90 27.57 27.68 28.14 28.94 30.90 44739274.22 
44739286.54 42.87 39.86 38.61 37.60 36.57 35.55 34.56 33.58 32.53 31.43 30.24 28.93 27.62 26.26 24.93 23.61 22.33 21.09 19.84 18.51 17.15 16.10 15.17 14.30 13.46 12.65 11.88 11.16 10.49 9.88 9.33 8.85 8.50 8.47 8.82 9.73 11.91 15.31 19.10 23.04 27.01 31.01 27.73 25.58 24.68 24.33 24.54 24.97 25.94 28.82 44739272.44 
44739285.58 42.01 38.85 37.24 36.22 35.21 34.19 33.19 32.23 31.20 30.15 29.07 27.93 26.62 25.29 23.96 22.62 21.29 19.96 18.63 17.31 16.01 14.77 13.74 12.83 11.97 11.14 10.34 9.59 8.90 8.26 7.69 7.20 6.82 6.72 7.15 8.45 11.46 37225313.37 58056123.59 58571976.91 52587166.59 37225329.09 27.21 24.24 23.00 22.59 22.82 23.36 24.71 27.76 44739271.44 
44739285.08 41.37 38.24 36.59 35.48 34.56 33.58 32.59 31.59 30.59 29.59 28.60 27.61 26.63 25.72 24.73 23.54 22.21 20.87 19.43 17.76 15.92 14.30 13.02 12.02 11.14 10.28 9.44 8.65 7.91 7.23 6.63 6.10 5.68 5.50 6.09 7.38 10.34 44436333.61 98632690.44 120245003.21 95847586.21 44436349.07 25.86 23.00 21.88 21.37 21.63 22.36 23.81 26.90 44739270.57 
44739284.55 40.83 37.66 36.04 34.98 34.18 33.38 32.55 31.65 30.72 29.80 28.91 28.08 27.42 27.05 26.87 26.38 25.06 23.67 21.93 19.49 16.57 14.26 12.73 11.62 10.71 9.80 8.92 8.07 7.26 6.51 5.84 5.27 4.81 4.51 5.03 6.17 9.04 44687438.69 104197620.28 155738249.97 104197635.16 44687453.62 24.08 21.53 20.67 20.38 20.71 21.51 23.02 26.15 44739269.86 
44739284.02 40.29 37.10 35.46 34.39 33.60 32.86 32.16 31.50 30.87 30.20 29.47 28.88 28.57 28.82 30.01 31635450.73 44669958.65 44739267.27 44669955.13 31635441.12 17.37 14.22 12.52 11.33 10.37 9.43 8.50 7.59 6.71 5.88 5.13 4.47 3.94 3.52 3.87 4.82 7.64 44669941.04 91195341.32 104313406.52 91195349.83 44669954.53 21.64 19.81 19.39 19.42 19.86 20.79 22.38 25.55 44739269.28 
44739283.52 39.79 36.59 34.93 33.83 33.00 32.20 31.45 30.76 30.17 29.67 29.31 29.14 29.66 30.41 32.64 44669965.71 91195361.83 104313419.52 91195352.72 44669950.95 17.31 14.07 12.34 11.12 10.14 9.16 8.19 7.23 6.29 5.38 4.52 3.75 3.10 2.56 2.58 3.52 6.13 31635429.17 44669942.29 44739254.28 44669945.91 31635438.71 18.50 17.94 18.14 18.54 19.21 20.27 21.94 25.15 44739268.88 
44739283.08 39.34 36.13 34.45 33.33 32.46 31.61 30.80 30.05 29.37 28.81 28.40 28.15 28.65 29.77 32.56 44739276.16 104313428.22 155799021.67 104313413.22 44739260.98 17.23 13.98 12.24 11.02 10.02 9.03 8.03 7.04 6.05 5.07 4.12 3.20 2.41 1.67 1.26 2.58 4.35 6.89 9.02 10.74 12.38 14.17 15.29 16.23 17.07 17.89 18.79 19.98 21.71 24.96 44739268.71 
44739282.69 38.95 35.73 34.04 32.89 31.99 31.10 30.24 29.42 28.65 27.99 27.48 27.16 27.44 28.31 30.69 44669963.82 91195360.32 104313418.55 91195352.30 44669950.82 17.20 13.96 12.22 11.00 10.00 9.00 8.00 7.00 6.00 5.00 4.00 3.00 2.00 1.00 0.00 1.41 3.07 4.83 6.44 8.09 9.83 11.74 13.57 15.12 16.48 17.67 18.74 19.98 21.73 24.98 44739268.73 
44739282.37 38.62 35.39 33.69 32.51 31.58 30.66 29.76 28.89 28.04 27.27 26.61 26.19 26.16 26.62 28.01 31635449.05 44669957.48 44739266.28 44669954.39 31635440.73 17.10 13.96 12.24 11.02 10.02 9.02 8.03 7.04 6.05 5.06 4.10 3.20 2.41 1.60 1.00 1.81 2.81 4.08 5.70 7.57 9.53 11.51 13.51 15.48 17.23 18.25 19.11 20.27 21.96 25.16 44739268.89 
44739282.11 38.36 35.13 33.41 32.21 31.26 30.31 29.37 28.45 27.55 26.70 25.91 25.27 24.91 24.81 24.91 24.88 23.85 22.64 21.11 18.90 16.11 13.84 12.29 11.12 10.14 9.16 8.19 7.23 6.28 5.37 4.50 3.71 3.02 2.41 2.00 2.49 3.39 4.79 6.91 9.80 12.19 14.28 16.31 17.98 19.06 19.62 20.04 20.88 22.43 25.59 44739269.31 
44739281.92 38.17 34.93 33.20 31.99 31.01 30.04 29.07 28.11 27.17 26.26 25.36 24.53 23.84 23.28 22.69 21.87 20.84 19.72 18.41 16.91 15.25 13.67 12.37 11.33 10.37 9.42 8.49 7.58 6.70 5.86 5.07 4.35 3.70 3.18 3.00 3.23 4.06 5.56 8.47 31635431.86 44669945.46 44739257.87 44669949.91 31635442.54 22.23 21.40 21.24 21.87 23.24 26.30 44739269.99 
44739281.80 38.05 34.81 33.07 31.85 30.86 29.87 28.88 27.89 26.91 25.95 25.00 24.06 23.14 22.26 21.40 20.49 19.48 18.45 17.34 16.10 14.83 13.63 12.58 11.63 10.71 9.80 8.91 8.05 7.23 6.46 5.73 5.06 4.49 4.09 4.00 4.14 4.86 6.33 9.43 44669942.97 91195343.89 104313410.18 91195353.70 44669958.22 25.26 23.23 22.53 23.02 24.28 27.26 44739270.92 
44739281.75 38.00 34.76 33.01 31.79 30.79 29.79 28.79 27.79 26.79 25.80 24.81 23.83 22.83 21.83 20.83 19.83 18.83 17.83 16.84 15.84 14.84 13.86 12.93 12.02 11.13 10.27 9.43 8.62 7.85 7.12 6.45 5.84 5.35 5.05 5.00 5.10 5.76 7.17 10.26 44739253.96 104328476.77 155804898.59 104328494.14 44739271.07 27.51 24.82 23.85 24.22 25.41 28.36 44739272.01 
44739281.75 38.00 34.76 33.01 31.79 30.79 29.79 28.79 27.79 26.80 25.81 24.81 23.81 22.81 21.81 20.82 19.84 18.90 17.97 17.03 16.08 15.14 14.24 13.36 12.49 11.64 10.81 10.01 9.25 8.52 7.84 7.22 6.68 6.27 6.04 6.00 6.09 6.71 8.09 11.15 44739254.83 104391578.73 168822376.88 104391596.63 44739272.75 29.13 26.25 25.18 25.41 26.57 29.51 44739273.15 
44739281.79 38.05 34.80 33.07 31.85 30.85 29.86 28.87 27.88 26.89 25.90 24.92 23.94 22.96 22.00 21.04 20.11 19.19 18.28 17.37 16.46 15.57 14.71 13.86 13.02 12.20 11.41 10.66 9.93 9.24 8.60 8.03 7.56 7.21 7.02 7.00 7.08 7.70 9.06 12.10 44739255.78 104391579.67 169014930.30 104391598.01 44739274.14 30.50 27.61 26.51 26.63 27.75 30.67 44739274.31 
44739281.86 38.13 34.90 33.18 31.97 30.98 30.00 29.02 28.04 27.06 26.10 25.13 24.18 23.24 22.31 21.39 20.48 19.58 18.68 17.79 16.92 16.07 15.23 14.40 13.60 12.82 12.06 11.34 10.65 10.00 9.41 8.89 8.47 8.17 8.02 8.00 8.08 8.69 10.05 13.09 44739256.76 104391580.66 168822378.36 104391599.36 44739275.48 31.85 28.96 27.84 27.89 28.96 31.86 44739275.49 
44739282.01 38.28 35.08 33.35 32.15 31.17 30.20 29.23 28.27 27.31 26.37 25.42 24.49 23.58 22.68 21.79 20.91 20.02 19.14 18.28 17.44 16.61 15.80 15.04 14.37 13.72 13.03 12.33 11.67 11.05 10.48 9.94 9.46 9.14 9.01 9.00 9.07 9.69 11.05 14.08 44739257.76 104328480.38 155804905.63 104328499.22 44739276.36 33.00 30.23 29.17 29.19 30.22 33.09 44739276.68 
44739282.26 38.66 35.45 33.76 32.58 31.48 30.46 29.51 28.56 27.63 26.70 25.80 24.89 24.00 23.12 22.24 21.37 20.50 19.65 18.81 17.98 17.20 16.49 15.94 15.55 15.17 14.59 13.92 13.28 12.68 12.07 11.34 10.64 10.18 10.01 10.00 10.07 10.68 12.04 15.08 44669948.72 91195351.55 104313419.71 91195361.80 44669965.42 32.30 29.93 29.05 29.45 30.59 33.44 44739276.95 
44739283.09 39.39 36.30 34.81 33.38 32.00 30.83 29.84 28.92 28.01 27.12 26.25 25.42 24.66 23.90 23.07 22.21 21.35 20.50 19.63 18.75 17.94 17.36 17.08 17.13 17.46 17.72 17.08 16.46 15.85 14.99 13.37 12.05 11.32 11.00 11.00 11.07 11.68 13.04 16.05 31635440.24 44669955.05 44739267.47 44669958.85 31635450.59 29.60 28.22 27.75 28.25 29.54 32.56 44739276.24 
44739284.74 41.31 39.03 37.17 34.73 32.72 31.30 30.23 29.34 28.46 27.62 26.86 26.25 25.78 25.27 24.55 23.70 22.84 21.96 20.99 19.91 18.95 18.39 18.35 18.93 20.50 31635441.77 44669950.74 44739260.18 44669949.40 31635438.16 15.83 13.51 12.46 12.00 12.00 12.07 12.64 13.90 16.11 19.23 21.93 23.86 25.24 26.38 26.49 26.41 26.50 27.16 28.62 31.73 44739275.43 
71589760.19 44739284.62 44669972.36 31635459.51 36.35 33.41 31.79 30.68 29.82 28.99 28.25 27.66 27.37 27.34 27.54 27.63 26.80 25.94 25.01 23.70 21.79 20.36 19.57 19.66 20.55 23.04 44669956.22 91195353.16 104313412.45 91195349.92 44669951.05 17.67 14.79 13.54 13.00 13.00 13.06 13.51 14.52 16.05 17.86 19.56 21.03 22.29 23.39 24.28 24.88 25.42 26.37 27.97 31.14 44739274.85 
122940962.78 104328507.44 91195371.21 44669970.68 37.12 33.93 32.28 31.19 30.38 29.66 29.05 28.60 28.63 29.11 30.61 31635451.76 44669960.45 44739269.64 44669958.49 31635446.67 24.22 21.92 20.86 20.98 21.99 24.82 44739268.43 104313420.69 155799019.96 104313414.86 44739262.58 18.91 15.91 14.58 14.00 14.00 14.06 14.38 15.09 16.17 17.42 18.70 19.91 21.01 22.04 23.01 23.84 24.70 25.85 27.55 30.77 44739274.50 
176112548.99 155804924.35 104313433.65 44739281.38 37.65 34.46 32.82 31.78 31.06 30.43 29.94 29.58 29.91 30.79 33.22 44669966.37 91195363.09 104313421.91 91195358.67 44669959.50 26.14 23.33 22.17 22.29 23.33 26.22 44669959.84 91195361.46 104313424.62 91195356.45 44669953.61 19.98 16.95 15.59 15.00 15.00 15.06 15.30 15.79 16.53 17.45 18.42 19.41 20.41 21.40 22.40 23.40 24.40 25.63 27.37 30.59 44739274.34 
122940968.44 104328512.95 91195374.28 44669971.87 38.21 35.04 33.44 32.46 31.81 31.26 30.83 30.57 31.09 32.24 35.10 44739278.72 104313430.95 155799031.33 104328494.14 44739271.24 27.60 24.67 23.50 23.57 24.62 27.51 31635451.83 44669963.62 44739272.38 44669959.95 31635445.15 20.96 17.95 16.60 16.00 16.00 16.04 16.25 16.62 17.17 17.87 18.74 19.67 20.57 21.48 22.41 23.39 24.38 25.60 27.34 30.59 44739274.34 
71589765.74 44739290.06 44669977.33 31635462.88 38.82 35.70 34.14 33.20 32.61 32.11 31.72 31.57 32.16 33.47 36.43 44669970.05 91195372.95 104328512.28 99957941.49 44739272.43 28.83 26.02 25.28 25.19 25.94 28.06 30.65 30.14 28.77 26.83 24.13 21.02 18.81 17.55 17.00 17.00 17.03 17.19 17.50 17.95 18.53 19.25 20.07 20.94 21.81 22.71 23.63 24.58 25.77 27.49 30.72 44739274.47 
44739290.35 46.81 44.20 41.62 38.57 36.28 34.86 33.99 33.45 32.98 32.64 32.56 33.19 34.55 37.54 31635461.75 44669976.54 44739289.37 71589765.07 44739274.27 30.98 29.10 28.42 27.61 27.51 28.69 28.30 27.20 25.94 24.46 22.76 20.96 19.43 18.43 18.00 18.00 18.02 18.15 18.42 18.81 19.30 19.91 20.63 21.43 22.27 23.13 24.01 24.91 26.07 27.77 30.99 44739274.73 
44739288.82 45.08 41.85 40.07 38.27 36.70 35.54 34.81 34.30 33.87 33.57 33.56 34.16 35.43 37.64 40.75 43.45 46.13 44739289.69 71589749.80 44739274.36 44669962.66 31635452.26 30.76 29.12 28.00 26.94 25.91 24.82 23.61 22.32 21.08 20.00 19.30 19.00 19.00 19.02 19.13 19.36 19.70 20.14 20.68 21.31 22.03 22.81 23.63 24.48 25.34 26.47 28.15 31.36 44739275.09 
44739288.27 44.52 41.27 39.51 38.25 37.11 36.24 35.66 35.18 34.79 34.55 34.56 35.00 36.04 37.57 39.38 41.19 44.44 44739288.19 98363078.04 104328497.09 91195363.87 44669965.68 32.26 29.19 27.53 26.31 25.31 24.32 23.33 22.36 21.44 20.70 20.22 20.00 20.00 20.02 20.12 20.32 20.62 21.02 21.50 22.06 22.71 23.43 24.20 25.00 25.84 26.94 28.60 31.80 44739275.53 
44739288.28 44.56 41.42 39.71 38.54 37.69 37.03 36.52 36.08 35.74 35.54 35.56 35.86 36.58 37.66 38.91 40.66 43.91 44739287.66 104328510.53 155799036.78 104313428.54 44739276.18 32.45 29.25 27.55 26.39 25.48 24.57 23.65 22.78 22.08 21.54 21.19 21.00 21.00 21.02 21.10 21.28 21.55 21.92 22.36 22.87 23.46 24.11 24.83 25.59 26.39 27.47 29.11 32.30 44739276.03 
44739288.65 45.03 41.88 40.30 39.37 38.67 38.12 37.63 37.16 36.77 36.54 36.56 36.78 37.26 38.01 39.13 40.83 44.02 44669977.59 91195375.83 104313435.50 91195368.45 44669966.39 32.74 29.53 27.85 26.72 25.84 24.98 24.16 23.44 22.87 22.43 22.14 22.00 22.00 22.02 22.09 22.25 22.50 22.83 23.24 23.72 24.26 24.86 25.52 26.24 26.99 28.04 29.66 32.85 44739276.57 
44739289.51 45.85 42.88 41.69 40.90 40.29 39.76 39.25 38.60 37.99 37.61 37.56 37.74 38.09 38.64 39.61 41.23 44.22 31635466.09 44669974.60 44739283.24 44669971.14 31635456.99 33.08 29.93 28.28 27.17 26.33 25.54 24.82 24.21 23.73 23.35 23.11 23.00 23.00 23.02 23.09 23.23 23.46 23.76 24.14 24.58 25.09 25.65 26.26 26.93 27.65 28.66 30.27 33.43 44739277.15 
44739290.96 47.49 45.09 44.77 44.05 43.46 42.94 42.21 40.67 39.44 38.80 38.56 38.70 38.99 39.42 40.25 41.65 42.44 42.23 41.00 39.62 37.92 35.53 32.56 30.24 28.75 27.71 26.93 26.22 25.59 25.05 24.62 24.31 24.17 24.17 24.21 24.24 24.30 24.44 24.65 24.89 25.15 25.48 25.93 26.46 27.04 27.67 28.34 29.33 30.91 34.07 44739277.76 
44739293.48 50.24 48.50 37225346.66 44436367.44 44687473.24 44669976.50 31635465.46 43.22 40.99 40.03 39.56 39.66 39.92 40.29 40.94 40.91 40.26 39.31 38.10 36.77 35.36 33.82 32.04 30.46 29.23 28.33 27.62 26.97 26.41 25.93 25.56 25.36 25.46 25.72 25.92 25.97 26.04 26.17 26.36 26.44 26.42 26.51 26.95 27.52 28.10 28.70 29.34 30.14 31.64 34.76 44739278.38 
44739296.70 53.60 52.30 58056156.80 98632724.08 104197654.85 91195377.22 44669978.55 45.20 42.38 41.17 40.56 40.63 40.84 41.18 40.78 39.91 39.03 38.03 36.93 35.76 34.48 33.17 31.89 30.73 29.77 29.02 28.36 27.78 27.27 26.85 26.54 26.56 27.01 27.95 29.04 29.21 29.28 29.41 29.52 28.73 28.03 27.80 28.41 29.11 29.72 30.30 30.94 31.65 32.76 35.70 44739279.35 
44739300.32 57.30 56.23 58242443.23 120393159.87 155669805.44 104197657.88 44687476.31 46.58 43.57 42.23 41.56 41.57 41.78 41.47 40.47 39.47 38.47 37.47 36.47 35.47 34.47 33.47 32.47 31.50 30.70 30.03 29.41 28.85 28.32 27.86 27.54 27.83 28.64 30.69 31635452.60 44669962.83 44739273.03 44669963.05 31635453.26 31.63 29.87 29.42 30.61 32.08 32.88 33.47 34.05 34.77 35.02 37.39 44739280.84 
44739304.09 61.12 60.21 64140885.14 130188156.01 147067297.01 100150497.02 44436370.94 47.64 44.59 43.24 42.74 42.59 42.39 41.46 40.47 39.49 38.57 37.67 36.77 35.91 35.13 34.40 33.74 32.99 32.27 31.64 31.04 30.45 29.75 29.08 28.61 29.06 30.14 32.85 44669966.15 91195364.18 104313425.28 91195364.82 44669967.23 34.08 31.73 31.30 33.55 31635455.56 44669966.45 44687463.26 44436357.43 37225336.64 38.44 40.15 44739283.39 
71582850.98 44739305.07 44739304.20 80411671.30 132826970.34 97713527.08 63703857.11 37225351.07 48.73 45.85 44.86 44.28 43.65 42.69 41.65 40.71 39.80 38.93 38.09 37.29 36.62 36.17 35.91 36.05 36.09 35.42 34.80 34.21 33.39 31.80 30.53 29.81 30.22 31.43 34.38 44739278.03 104313430.29 155799033.60 104313431.81 44739279.56 36.05 33.55 33.26 35.98 44669969.26 91195367.54 104197644.85 98632714.06 58056146.75 42.24 43.53 44739286.62 
121760719.74 104391629.05 104391628.20 127214517.26 104391625.67 44739301.69 57.78 54.05 50.85 48.88 47.85 46.23 44.52 43.09 42.00 41.11 40.25 39.42 38.65 37.98 37.52 37.41 37.72 39.14 31635460.24 44669969.07 44739278.53 44669967.77 31635456.60 34.33 32.07 31.10 31.40 32.61 35.59 44669969.21 91195372.31 104313441.02 91195375.21 44669971.44 37.94 35.49 35.24 38.05 44687467.67 104197649.24 155669796.11 122071905.89 58242433.18 46.18 47.22 44739290.24 
175110421.58 165731075.99 164043477.63 163702700.69 141783884.10 95497595.92 64345607.26 57397558.27 44739294.22 44669982.38 31635470.84 48.11 45.20 43.56 42.45 41.61 40.79 40.03 39.36 38.83 38.49 38.70 39.47 41.82 44669974.94 91195371.68 104313430.79 91195368.38 44669969.62 36.28 33.49 32.41 32.62 33.77 36.72 31635461.03 44669976.08 44739288.67 44669979.64 31635464.42 39.86 37.46 37.24 40.05 44436363.15 98632720.45 116590090.58 98632732.46 58056156.23 50.16 51.06 44739294.02 
121760727.42 104391636.37 104391634.84 104391634.04 104391634.01 104391635.33 122040406.55 114887259.50 104328517.00 91195382.14 44669982.46 48.91 45.72 44.07 42.98 42.18 41.43 40.75 40.18 39.75 39.47 39.92 41.00 43.79 44739287.39 104313439.62 155799038.50 104313433.64 44739281.39 37.76 34.86 33.74 33.80 34.81 37.04 40.20 43.01 45.08 46.39 44.22 41.02 39.30 39.24 42.05 37225344.07 58056154.59 57707014.08 44436380.61 37225358.44 54.15 54.95 44739297.88 
71582858.90 44739312.59 44739310.95 44739310.29 44739310.09 44739311.40 72800841.91 123317018.38 155799054.45 104313445.46 44739293.18 49.45 46.26 44.63 43.58 42.83 42.14 41.54 41.04 40.66 40.47 41.05 42.30 45.22 44669978.83 91195380.81 104313444.44 91195375.78 44669972.62 39.00 36.10 35.07 34.91 35.75 37.20 39.01 40.76 42.31 43.61 43.56 41.98 41.25 41.24 43.11 46.41 50.17 54.09 57.94 59.93 57.37 58.75 44739301.87 
44739312.54 69.23 67.29 66.56 66.33 67.63 44670000.37 91195396.19 104313453.64 91195386.08 44669983.67 50.02 46.85 45.24 44.23 43.54 42.92 42.37 41.91 41.57 41.47 42.09 43.43 46.40 31635470.65 44669983.35 44739292.14 44669979.63 31635464.57 40.27 37.39 36.29 35.95 36.52 37.51 38.73 40.02 41.25 42.41 43.96 44.17 44.55 44.57 45.76 48.35 51.66 54.47 56.75 58.84 59.75 61.92 44739305.21 
44739310.78 67.16 64.30 63.35 63.06 64.31 31635485.00 44669992.82 44739301.38 44669989.13 31635474.66 50.62 47.49 45.92 44.95 44.31 43.73 43.23 42.80 42.50 42.47 43.06 44.33 46.54 49.57 49.92 48.54 46.54 43.76 40.61 38.47 37.36 36.96 37.30 37.98 38.86 39.82 40.81 42.03 43.77 46.49 31635468.40 44669978.24 44687475.36 44436370.99 37225353.75 57.23 58.10 59.09 60.74 63.82 44739307.24 
44739309.88 66.18 63.09 61.72 61.24 61.05 60.55 59.20 57.77 55.95 53.39 50.34 48.05 46.61 45.71 45.11 44.58 44.10 43.71 43.47 43.47 43.94 44.96 46.49 47.82 46.96 45.73 44.24 42.53 40.72 39.22 38.30 37.96 38.17 38.65 39.33 40.18 41.10 42.23 43.89 47.10 44669980.63 91195379.18 104206696.55 90883907.28 44436384.39 60.76 59.89 60.06 61.40 64.52 44739308.22 
44739309.30 65.62 62.42 60.78 59.79 58.85 57.66 56.30 54.93 53.47 51.82 50.02 48.43 47.26 46.50 45.95 45.44 45.00 44.66 44.46 44.47 44.78 45.51 46.60 46.69 45.68 44.61 43.43 42.14 40.90 39.85 39.20 38.96 39.10 39.46 40.00 40.71 41.52 42.62 44.26 47.45 44687477.25 104197658.89 155213567.45 104126790.71 44687493.22 63.82 61.77 61.27 62.60 65.58 44739309.24 
44739309.04 65.29 62.03 60.27 59.00 57.83 56.54 55.21 53.88 52.55 51.24 49.97 48.83 47.94 47.32 46.80 46.32 45.92 45.62 45.46 45.47 45.69 46.19 46.95 46.16 45.16 44.16 43.18 42.21 41.30 40.59 40.15 39.96 40.03 40.34 40.79 41.39 42.09 43.13 44.76 47.89 44436371.29 98632727.87 122071919.62 98632742.83 44436389.25 66.16 63.56 62.56 63.82 66.77 44739310.41 
44739309.14 65.39 62.14 60.40 59.17 57.89 56.61 55.36 54.14 52.95 51.77 50.65 49.68 48.97 48.41 47.90 47.46 47.09 46.82 46.68 46.69 46.87 47.25 47.54 46.77 45.83 44.88 43.91 42.94 42.22 41.68 41.35 41.19 41.22 41.48 41.88 42.41 43.04 43.87 45.40 48.53 37225350.39 58056160.48 58242446.90 58056169.64 37225368.67 68.03 65.17 63.88 65.00 67.93 44739311.58 
44739309.67 65.98 62.90 61.49 60.24 58.94 57.69 56.48 55.32 54.17 53.06 52.05 51.22 50.59 50.04 49.57 49.14 48.79 48.54 48.42 48.43 48.57 48.90 48.92 48.16 47.22 46.27 45.31 44.43 43.80 43.34 43.05 42.93 42.95 43.17 43.54 44.03 44.62 45.35 46.48 48.74 52.16 55.97 59.90 63.88 67.87 68.43 66.33 65.65 66.27 69.05 44739312.64 
44739311.23 67.84 65.68 64.38 63.11 61.82 60.59 59.41 58.26 57.13 56.07 55.13 54.36 53.75 53.23 52.77 52.36 52.02 51.78 51.67 51.68 51.80 52.09 51.96 51.21 50.28 49.32 48.37 47.55 46.96 46.55 46.27 46.17 46.19 46.39 46.74 47.21 47.78 48.46 49.40 51.09 53.86 57.24 60.94 64.77 68.66 70.72 69.37 68.91 69.35 71.17 44739314.44 
71582857.51 44739311.13 44739309.27 44739308.01 44739306.72 44739305.45 44739304.23 44739303.05 44739301.91 44739300.79 44739299.74 44739298.82 44739298.07 44739297.46 44739296.96 44739296.50 44739296.10 44739295.76 44739295.53 44739295.41 44739295.42 44739295.54 44739295.78 44739295.60 44739294.90 44739293.96 44739293.00 44739292.05 44739291.26 44739290.68 44739290.27 44739290.02 44739289.92 44739289.94 44739290.13 44739290.47 44739290.93 44739291.47 44739292.08 44739293.05 44739294.54 44739297.10 44739300.33 44739303.95 44739307.74 44739311.59 44739313.62 44739313.05 44739312.66 44739313.04 44739314.54 71582860.81 
