Layer 0:
0.00 0.00 0.00 0.00 0.00 0.00 0.00 0.00 0.00 0.00 0.00 0.00 0.00 0.00 0.00 0.00 0.00 0.00 0.00 0.00 0.00 0.00 0.00 0.00 0.00 0.00 0.00 
0.00 0.00 0.00 0.00 0.00 0.00 0.00 0.00 0.00 0.00 0.00 0.00 0.00 0.00 0.00 0.00 0.00 0.00 0.00 0.00 0.00 0.00 0.00 0.00 0.00 0.00 0.00 
0.00 0.00 0.00 0.00 0.00 0.00 0.00 0.00 0.00 0.00 0.00 0.00 0.00 0.00 0.00 0.00 0.00 0.00 0.00 0.00 0.00 0.00 0.00 0.00 0.00 0.00 0.00 
0.00 0.00 0.00 0.00 0.00 0.00 0.00 0.00 0.00 0.00 0.00 0.00 0.00 0.00 0.00 0.00 0.00 0.00 0.00 0.00 0.00 0.00 0.00 0.00 0.00 0.00 0.00 
0.00 0.00 0.00 0.00 0.00 0.00 0.00 0.00 0.00 0.00 0.00 0.00 0.00 0.00 0.00 0.00 0.00 0.00 0.00 0.00 0.00 0.00 0.00 0.00 0.00 0.00 0.00 
0.00 0.00 0.00 0.00 0.00 0.00 0.00 0.00 0.00 0.00 0.00 0.00 0.00 0.00 0.00 0.00 0.00 0.00 0.00 0.00 0.00 0.00 0.00 0.00 0.00 0.00 0.00 
0.00 0.00 0.00 0.00 0.00 0.00 0.00 0.00 0.00 0.00 0.00 0.00 0.00 0.00 0.00 0.00 0.00 0.00 0.00 0.00 0.00 0.00 0.00 0.00 0.00 0.00 0.00 
0.00 0.00 0.00 0.00 0.00 0.00 0.00 0.00 0.00 0.00 0.00 0.00 0.00 0.00 0.00 0.00 0.00 0.00 0.00 0.00 0.00 0.00 0.00 0.00 0.00 0.00 0.00 
0.00 0.00 0.00 0.00 0.00 0.00 0.00 0.00 0.00 0.00 0.00 0.00 0.00 0.00 0.00 0.00 0.00 0.00 0.00 0.00 0.00 0.00 0.00 0.00 0.00 0.00 0.00 
0.00 0.00 0.00 0.00 0.00 0.00 0.00 0.00 0.00 0.00 0.00 0.00 0.00 0.00 0.00 0.00 0.00 0.00 0.00 0.00 0.00 0.00 0.00 0.00 0.00 0.00 0.00 
0.00 0.00 0.00 0.00 0.00 0.00 0.00 0.00 0.00 0.00 0.00 0.00 0.00 0.00 0.00 0.00 0.00 0.00 0.00 0.00 0.00 0.00 0.00 0.00 0.00 0.00 0.00 
0.00 0.00 0.00 0.00 0.00 0.00 0.00 0.00 0.00 0.00 0.00 0.00 0.00 0.00 0.00 0.00 0.00 0.00 0.00 0.00 0.00 0.00 0.00 0.00 0.00 0.00 0.00 
0.00 0.00 0.00 0.00 0.00 0.00 0.00 0.00 0.00 0.00 0.00 0.00 0.00 0.00 0.00 0.00 0.00 0.00 0.00 0.00 0.00 0.00 0.00 0.00 0.00 0.00 0.00 
0.00 0.00 0.00 0.00 0.00 0.00 0.00 0.00 0.00 0.00 0.00 0.00 0.00 0.00 0.00 0.00 0.00 0.00 0.00 0.00 0.00 0.00 0.00 0.00 0.00 0.00 0.00 
0.00 0.00 0.00 0.00 0.00 0.00 0.00 0.00 0.00 0.00 0.00 0.00 0.00 0.00 0.00 0.00 0.00 0.00 0.00 0.00 0.00 0.00 0.00 0.00 0.00 0.00 0.00 
0.00 0.00 0.00 0.00 0.00 0.00 0.00 0.00 0.00 0.00 0.00 0.00 0.00 0.00 0.00 0.00 0.00 0.00 0.00 0.00 0.00 0.00 0.00 0.00 0.00 0.00 0.00 
0.00 0.00 0.00 0.00 0.00 0.00 0.00 0.00 0.00 0.00 0.00 0.00 0.00 0.00 0.00 0.00 0.00 0.00 0.00 0.00 0.00 0.00 0.00 0.00 0.00 0.00 0.00 
0.00 0.00 0.00 0.00 0.00 0.00 0.00 0.00 0.00 0.00 0.00 0.00 0.00 0.00 0.00 0.00 0.00 0.00 0.00 0.00 0.00 0.00 0.00 0.00 0.00 0.00 0.00 
0.00 0.00 0.00 0.00 0.00 0.00 0.00 0.00 0.00 0.00 0.00 0.00 0.00 0.00 0.00 0.00 0.00 0.00 0.00 0.00 0.00 0.00 0.00 0.00 0.00 0.00 0.00 
0.00 0.00 0.00 0.00 0.00 0.00 0.00 0.00 0.00 0.00 0.00 0.00 0.00 0.00 0.00 0.00 0.00 0.00 0.00 0.00 0.00 0.00 0.00 0.00 0.00 0.00 0.00 
0.00 0.00 0.00 0.00 0.00 0.00 0.00 0.00 0.00 0.00 0.00 0.00 0.00 0.00 0.00 0.00 0.00 0.00 0.00 0.00 0.00 0.00 0.00 0.00 0.00 0.00 0.00 
0.00 0.00 0.00 0.00 0.00 0.00 0.00 0.00 0.00 0.00 0.00 0.00 0.00 0.00 0.00 0.00 0.00 0.00 0.00 0.00 0.00 0.00 0.00 0.00 0.00 0.00 0.00 
0.00 0.00 0.00 0.00 0.00 0.00 0.00 0.00 0.00 0.00 0.00 0.00 0.00 0.00 0.00 0.00 0.00 0.00 0.00 0.00 0.00 0.00 0.00 0.00 0.00 0.00 0.00 
0.00 0.00 0.00 0.00 0.00 0.00 0.00 0.00 0.00 0.00 0.00 0.00 0.00 0.00 0.00 0.00 0.00 0.00 0.00 0.00 0.00 0.00 0.00 0.00 0.00 0.00 0.00 
0.00 0.00 0.00 0.00 0.00 0.00 0.00 0.00 0.00 0.00 0.00 0.00 0.00 0.00 0.00 0.00 0.00 0.00 0.00 0.00 0.00 0.00 0.00 0.00 0.00 0.00 0.00 
0.00 0.00 0.00 0.00 0.00 0.00 0.00 0.00 0.00 0.00 0.00 0.00 0.00 0.00 0.00 0.00 0.00 0.00 0.00 0.00 0.00 0.00 0.00 0.00 0.00 0.00 0.00 
0.00 0.00 0.00 0.00 0.00 0.00 0.00 0.00 0.00 0.00 0.00 0.00 0.00 0.00 0.00 0.00 0.00 0.00 0.00 0.00 0.00 0.00 0.00 0.00 0.00 0.00 0.00 

Layer 1:
0.00 0.00 0.00 0.00 0.00 0.00 0.00 0.00 0.00 0.00 0.00 0.00 0.00 0.00 0.00 0.00 0.00 0.00 0.00 0.00 0.00 0.00 0.00 0.00 0.00 0.00 0.00 
0.00 0.25 0.25 0.25 0.25 0.25 0.25 0.25 0.25 0.25 0.25 0.25 0.00 0.25 0.25 0.25 0.25 0.25 0.25 0.00 0.25 0.25 0.25 0.25 0.25 0.25 0.00 
0.00 0.25 0.25 0.25 0.25 0.25 0.25 0.25 0.25 0.25 0.25 0.25 0.00 0.25 0.25 0.25 0.25 0.25 0.25 0.00 0.25 0.25 0.25 0.25 0.25 0.25 0.00 
0.00 0.25 0.25 0.25 0.25 0.25 0.25 0.25 0.25 0.25 0.25 0.25 0.00 0.25 0.25 0.25 0.25 0.25 0.25 0.00 0.25 0.25 0.25 0.25 0.25 0.25 0.00 
0.00 0.25 0.25 0.25 0.25 0.25 0.25 0.25 0.25 0.25 0.25 0.25 0.00 0.25 0.25 0.25 0.25 0.25 0.25 0.00 0.25 0.25 0.25 0.25 0.25 0.25 0.00 
0.00 0.25 0.25 0.25 0.25 0.25 0.25 0.25 0.25 0.25 0.25 0.25 0.00 0.25 0.25 0.25 0.25 0.25 0.25 0.00 0.25 0.25 0.25 0.25 0.25 0.25 0.00 
0.00 0.25 0.25 0.25 0.25 0.25 0.25 0.25 0.25 0.25 0.25 0.25 0.00 0.25 0.25 0.25 0.25 0.25 0.25 0.00 0.25 0.25 0.25 0.25 0.25 0.25 0.00 
0.00 0.25 0.25 0.25 0.25 0.25 0.25 0.25 0.25 0.25 0.25 0.25 0.00 0.25 0.25 0.25 0.25 0.25 0.25 0.00 0.25 0.25 0.25 0.25 0.25 0.25 0.00 
0.00 0.25 0.25 0.25 0.25 0.25 0.25 0.25 0.25 0.25 0.25 0.25 0.00 0.25 0.25 0.25 0.25 0.25 0.25 0.00 0.25 0.25 0.25 0.25 0.25 0.25 0.00 
0.00 0.25 0.25 0.25 0.25 0.25 0.25 0.25 0.25 0.25 0.25 0.25 0.00 0.25 0.25 0.25 0.25 0.25 0.25 0.00 0.25 0.25 0.25 0.25 0.25 0.25 0.00 
0.00 0.25 0.25 0.25 0.25 0.25 0.25 0.25 0.25 0.25 0.25 0.25 0.00 0.25 0.25 0.25 0.25 0.25 0.25 0.00 0.25 0.25 0.25 0.25 0.25 0.25 0.00 
0.00 0.25 0.25 0.25 0.25 0.25 0.25 0.25 0.25 0.25 0.25 0.25 0.00 0.25 0.25 0.25 0.25 0.25 0.25 0.00 0.25 0.25 0.25 0.25 0.25 0.25 0.00 
0.00 0.25 0.25 0.25 0.25 0.25 0.25 0.25 0.25 0.25 0.25 0.25 0.00 0.25 0.25 0.25 0.25 0.25 0.25 0.00 0.25 0.25 0.25 0.25 0.25 0.25 0.00 
0.00 0.25 0.25 0.25 0.25 0.25 0.25 0.25 0.25 0.25 0.25 0.25 0.00 0.25 0.25 0.25 0.25 0.25 0.25 0.00 0.25 0.25 0.25 0.25 0.25 0.25 0.00 
0.00 0.25 0.25 0.25 0.25 0.25 0.25 0.25 0.25 0.25 0.25 0.25 0.00 0.25 0.25 0.25 0.25 0.25 0.25 0.00 0.25 0.25 0.25 0.25 0.25 0.25 0.00 
0.00 0.25 0.25 0.25 0.25 0.25 0.25 0.25 0.25 0.25 0.25 0.25 0.00 0.25 0.25 0.25 0.25 0.25 0.25 0.00 0.25 0.25 0.25 0.25 0.25 0.25 0.00 
0.00 0.25 0.25 0.25 0.25 0.25 0.25 0.25 0.25 0.25 0.25 0.25 0.00 0.25 0.25 0.25 0.25 0.25 0.25 0.00 0.25 0.25 0.25 0.25 0.25 0.25 0.00 
0.00 0.25 0.25 0.25 0.25 0.25 0.25 0.25 0.25 0.25 0.25 0.25 0.00 0.25 0.25 0.25 0.25 0.25 0.25 0.00 0.25 0.25 0.25 0.25 0.25 0.25 0.00 
0.00 0.25 0.25 0.25 0.25 0.25 0.25 0.25 0.25 0.25 0.25 0.25 0.00 0.25 0.25 0.25 0.25 0.25 0.25 0.00 0.25 0.25 0.25 0.25 0.25 0.25 0.00 
0.00 0.25 0.25 0.25 0.25 0.25 0.25 0.25 0.25 0.25 0.25 0.25 0.00 0.25 0.25 0.25 0.25 0.25 0.25 0.00 0.25 0.25 0.25 0.25 0.25 0.25 0.00 
0.00 0.25 0.25 0.25 0.25 0.25 0.25 0.25 0.25 0.25 0.25 0.25 0.00 0.25 0.25 0.25 0.25 0.25 0.25 0.00 0.25 0.25 0.25 0.25 0.25 0.25 0.00 
0.00 0.25 0.25 0.25 0.25 0.25 0.25 0.25 0.25 0.25 0.25 0.25 0.00 0.25 0.25 0.25 0.25 0.25 0.25 0.00 0.25 0.25 0.25 0.25 0.25 0.25 0.00 
0.00 0.25 0.25 0.25 0.25 0.25 0.25 0.25 0.25 0.25 0.25 0.25 0.00 0.25 0.25 0.25 0.25 0.25 0.25 0.00 0.25 0.25 0.25 0.25 0.25 0.25 0.00 
0.00 0.25 0.25 0.25 0.25 0.25 0.25 0.25 0.25 0.25 0.25 0.25 0.00 0.25 0.25 0.25 0.25 0.25 0.25 0.00 0.25 0.25 0.25 0.25 0.25 0.25 0.00 
0.00 0.25 0.25 0.25 0.25 0.25 0.25 0.25 0.25 0.25 0.25 0.25 0.00 0.25 0.25 0.25 0.25 0.25 0.25 0.00 0.25 0.25 0.25 0.25 0.25 0.25 0.00 
0.00 0.25 0.25 0.25 0.25 0.25 0.25 0.25 0.25 0.25 0.25 0.25 0.00 0.25 0.25 0.25 0.25 0.25 0.25 0.00 0.25 0.25 0.25 0.25 0.25 0.25 0.00 
0.00 0.00 0.00 0.00 0.00 0.00 0.00 0.00 0.00 0.00 0.00 0.00 0.00 0.00 0.00 0.00 0.00 0.00 0.00 0.00 0.00 0.00 0.00 0.00 0.00 0.00 0.00 

Layer 2:
0.00 0.00 0.00 0.00 0.00 0.00 0.00 0.00 0.00 0.00 0.00 0.00 0.00 0.00 0.00 0.00 0.00 0.00 0.00 0.00 0.00 0.00 0.00 0.00 0.00 0.00 0.00 
0.00 0.25 0.25 0.25 0.25 0.25 0.25 0.25 0.25 0.25 0.25 0.00 0.00 0.00 0.25 0.25 0.25 0.25 0.00 0.00 0.00 0.25 0.25 0.25 0.25 0.25 0.00 
0.00 0.25 0.50 0.50 0.50 0.50 0.50 0.50 0.50 0.50 0.25 0.00 0.00 0.00 0.25 0.25 0.35 0.25 0.00 0.00 0.00 0.25 0.35 0.50 0.50 0.25 0.00 
0.00 0.25 0.50 0.50 0.50 0.50 0.50 0.50 0.50 0.50 0.25 0.00 0.00 0.00 0.25 0.25 0.35 0.25 0.00 0.00 0.00 0.25 0.35 0.50 0.50 0.25 0.00 
0.00 0.25 0.50 0.50 0.50 0.50 0.50 0.50 0.50 0.50 0.25 0.00 0.00 0.00 0.25 0.25 0.35 0.25 0.00 0.00 0.00 0.25 0.35 0.50 0.50 0.25 0.00 
0.00 0.25 0.50 0.50 0.50 0.50 0.50 0.50 0.50 0.50 0.25 0.00 0.00 0.00 0.25 0.25 0.35 0.25 0.00 0.00 0.00 0.25 0.35 0.50 0.50 0.25 0.00 
0.00 0.25 0.50 0.50 0.50 0.50 0.50 0.50 0.50 0.50 0.25 0.00 0.00 0.00 0.25 0.25 0.35 0.25 0.00 0.00 0.00 0.25 0.35 0.50 0.50 0.25 0.00 
0.00 0.25 0.50 0.50 0.50 0.50 0.50 0.50 0.50 0.50 0.25 0.00 0.00 0.00 0.25 0.25 0.35 0.25 0.00 0.00 0.00 0.25 0.35 0.50 0.50 0.25 0.00 
0.00 0.25 0.50 0.50 0.50 0.50 0.50 0.50 0.50 0.50 0.25 0.00 0.00 0.00 0.25 0.25 0.35 0.25 0.00 0.00 0.00 0.25 0.35 0.50 0.50 0.25 0.00 
0.00 0.25 0.50 0.50 0.50 0.50 0.50 0.50 0.50 0.50 0.25 0.00 0.00 0.00 0.25 0.25 0.35 0.25 0.00 0.00 0.00 0.25 0.35 0.50 0.50 0.25 0.00 
0.00 0.25 0.50 0.50 0.50 0.50 0.50 0.50 0.50 0.50 0.25 0.00 0.00 0.00 0.25 0.25 0.35 0.25 0.00 0.00 0.00 0.25 0.35 0.50 0.50 0.25 0.00 
0.00 0.25 0.50 0.50 0.50 0.50 0.50 0.50 0.50 0.50 0.25 0.00 0.00 0.00 0.25 0.25 0.35 0.25 0.00 0.00 0.00 0.25 0.35 0.50 0.50 0.25 0.00 
0.00 0.25 0.50 0.50 0.50 0.50 0.50 0.50 0.50 0.50 0.25 0.00 0.00 0.00 0.25 0.25 0.35 0.25 0.00 0.00 0.00 0.25 0.35 0.50 0.50 0.25 0.00 
0.00 0.25 0.50 0.50 0.50 0.50 0.50 0.50 0.50 0.50 0.25 0.00 0.00 0.00 0.25 0.25 0.35 0.25 0.00 0.00 0.00 0.25 0.35 0.50 0.50 0.25 0.00 
0.00 0.25 0.50 0.50 0.50 0.50 0.50 0.50 0.50 0.50 0.25 0.00 0.00 0.00 0.25 0.25 0.35 0.25 0.00 0.00 0.00 0.25 0.35 0.50 0.50 0.25 0.00 
0.00 0.25 0.50 0.50 0.50 0.50 0.50 0.50 0.50 0.50 0.25 0.00 0.00 0.00 0.25 0.25 0.35 0.25 0.00 0.00 0.00 0.25 0.35 0.50 0.50 0.25 0.00 
0.00 0.25 0.50 0.50 0.50 0.50 0.50 0.50 0.50 0.50 0.25 0.00 0.00 0.00 0.25 0.25 0.35 0.25 0.00 0.00 0.00 0.25 0.35 0.50 0.50 0.25 0.00 
0.00 0.25 0.50 0.50 0.50 0.50 0.50 0.50 0.50 0.50 0.25 0.00 0.00 0.00 0.25 0.25 0.35 0.25 0.00 0.00 0.00 0.25 0.35 0.50 0.50 0.25 0.00 
0.00 0.25 0.50 0.50 0.50 0.50 0.50 0.50 0.50 0.50 0.25 0.00 0.00 0.00 0.25 0.25 0.35 0.25 0.00 0.00 0.00 0.25 0.35 0.50 0.50 0.25 0.00 
0.00 0.25 0.50 0.50 0.50 0.50 0.50 0.50 0.50 0.50 0.25 0.00 0.00 0.00 0.25 0.25 0.35 0.25 0.00 0.00 0.00 0.25 0.35 0.50 0.50 0.25 0.00 
0.00 0.25 0.50 0.50 0.50 0.50 0.50 0.50 0.50 0.50 0.25 0.00 0.00 0.00 0.25 0.25 0.35 0.25 0.00 0.00 0.00 0.25 0.35 0.50 0.50 0.25 0.00 
0.00 0.25 0.50 0.50 0.50 0.50 0.50 0.50 0.50 0.50 0.25 0.00 0.00 0.00 0.25 0.25 0.35 0.25 0.00 0.00 0.00 0.25 0.35 0.50 0.50 0.25 0.00 
0.00 0.25 0.50 0.50 0.50 0.50 0.50 0.50 0.50 0.50 0.25 0.00 0.00 0.00 0.25 0.25 0.35 0.25 0.00 0.00 0.00 0.25 0.35 0.50 0.50 0.25 0.00 
0.00 0.25 0.50 0.50 0.50 0.50 0.50 0.50 0.50 0.50 0.25 0.00 0.00 0.00 0.25 0.25 0.35 0.25 0.00 0.00 0.00 0.25 0.35 0.50 0.50 0.25 0.00 
0.00 0.25 0.50 0.50 0.50 0.50 0.50 0.50 0.50 0.50 0.25 0.00 0.00 0.00 0.25 0.25 0.35 0.25 0.00 0.00 0.00 0.25 0.35 0.50 0.50 0.25 0.00 
0.00 0.25 0.25 0.25 0.25 0.25 0.25 0.25 0.25 0.25 0.25 0.00 0.00 0.00 0.25 0.25 0.25 0.25 0.00 0.00 0.00 0.25 0.25 0.25 0.25 0.25 0.00 
0.00 0.00 0.00 0.00 0.00 0.00 0.00 0.00 0.00 0.00 0.00 0.00 0.00 0.00 0.00 0.00 0.00 0.00 0.00 0.00 0.00 0.00 0.00 0.00 0.00 0.00 0.00 

Layer 3:
0.00 0.00 0.00 0.00 0.00 0.00 0.00 0.00 0.00 0.00 0.00 0.00 0.00 0.00 0.00 0.00 0.00 0.00 0.00 0.00 0.00 0.00 0.00 0.00 0.00 0.00 0.00 
0.00 0.25 0.25 0.25 0.25 0.25 0.25 0.25 0.25 0.25 0.25 0.25 0.00 0.25 0.25 0.00 0.25 0.25 0.25 0.00 0.00 0.00 0.25 0.25 0.25 0.25 0.00 
0.00 0.25 0.50 0.50 0.50 0.35 0.25 0.35 0.50 0.50 0.35 0.25 0.00 0.25 0.25 0.00 0.25 0.35 0.25 0.00 0.00 0.00 0.25 0.35 0.25 0.25 0.00 
0.00 0.25 0.50 0.71 0.56 0.35 0.25 0.35 0.56 0.56 0.35 0.25 0.00 0.25 0.25 0.00 0.25 0.35 0.25 0.00 0.00 0.00 0.25 0.35 0.25 0.25 0.00 
0.00 0.25 0.50 0.56 0.56 0.35 0.25 0.35 0.56 0.56 0.35 0.25 0.00 0.25 0.25 0.00 0.25 0.35 0.25 0.00 0.00 0.00 0.25 0.35 0.25 0.25 0.00 
0.00 0.25 0.50 0.50 0.50 0.35 0.25 0.35 0.50 0.50 0.35 0.25 0.00 0.25 0.25 0.00 0.25 0.35 0.25 0.00 0.00 0.00 0.25 0.35 0.25 0.25 0.00 
0.00 0.25 0.50 0.56 0.56 0.35 0.25 0.35 0.56 0.56 0.35 0.25 0.00 0.25 0.25 0.00 0.25 0.35 0.25 0.00 0.00 0.00 0.25 0.35 0.25 0.25 0.00 
0.00 0.25 0.50 0.71 0.56 0.35 0.25 0.35 0.56 0.56 0.35 0.25 0.00 0.25 0.25 0.00 0.25 0.35 0.25 0.00 0.00 0.00 0.25 0.35 0.25 0.25 0.00 
0.00 0.25 0.50 0.71 0.56 0.35 0.25 0.35 0.56 0.56 0.35 0.25 0.00 0.25 0.25 0.00 0.25 0.35 0.25 0.00 0.00 0.00 0.25 0.35 0.25 0.25 0.00 
0.00 0.25 0.50 0.71 0.56 0.35 0.25 0.35 0.56 0.56 0.35 0.25 0.00 0.25 0.25 0.00 0.25 0.35 0.25 0.00 0.00 0.00 0.25 0.35 0.25 0.25 0.00 
0.00 0.25 0.50 0.71 0.56 0.35 0.25 0.35 0.56 0.56 0.35 0.25 0.00 0.25 0.25 0.00 0.25 0.35 0.25 0.00 0.00 0.00 0.25 0.35 0.25 0.25 0.00 
0.00 0.25 0.50 0.71 0.56 0.35 0.25 0.35 0.56 0.56 0.35 0.25 0.00 0.25 0.25 0.00 0.25 0.35 0.25 0.00 0.00 0.00 0.25 0.35 0.25 0.25 0.00 
0.00 0.25 0.50 0.71 0.56 0.35 0.25 0.35 0.56 0.56 0.35 0.25 0.00 0.25 0.25 0.00 0.25 0.35 0.25 0.00 0.00 0.00 0.25 0.35 0.25 0.25 0.00 
0.00 0.25 0.50 0.71 0.56 0.35 0.25 0.35 0.56 0.56 0.35 0.25 0.00 0.25 0.25 0.00 0.25 0.35 0.25 0.00 0.00 0.00 0.25 0.35 0.25 0.25 0.00 
0.00 0.25 0.50 0.71 0.56 0.35 0.25 0.35 0.56 0.56 0.35 0.25 0.00 0.25 0.25 0.00 0.25 0.35 0.25 0.00 0.00 0.00 0.25 0.35 0.25 0.25 0.00 
0.00 0.25 0.50 0.71 0.56 0.35 0.25 0.35 0.56 0.56 0.35 0.25 0.00 0.25 0.25 0.00 0.25 0.35 0.25 0.00 0.00 0.00 0.25 0.35 0.25 0.25 0.00 
0.00 0.25 0.50 0.71 0.56 0.35 0.25 0.35 0.56 0.56 0.35 0.25 0.00 0.25 0.25 0.00 0.25 0.35 0.25 0.00 0.00 0.00 0.25 0.35 0.25 0.25 0.00 
0.00 0.25 0.50 0.71 0.56 0.35 0.25 0.35 0.56 0.56 0.35 0.25 0.00 0.25 0.25 0.00 0.25 0.35 0.25 0.00 0.00 0.00 0.25 0.35 0.25 0.25 0.00 
0.00 0.25 0.50 0.71 0.56 0.35 0.25 0.35 0.56 0.56 0.35 0.25 0.00 0.25 0.25 0.00 0.25 0.35 0.25 0.00 0.00 0.00 0.25 0.35 0.25 0.25 0.00 
0.00 0.25 0.50 0.71 0.56 0.35 0.25 0.35 0.56 0.56 0.35 0.25 0.00 0.25 0.25 0.00 0.25 0.35 0.25 0.00 0.00 0.00 0.25 0.35 0.25 0.25 0.00 
0.00 0.25 0.50 0.71 0.56 0.35 0.25 0.35 0.56 0.56 0.35 0.25 0.00 0.25 0.25 0.00 0.25 0.35 0.25 0.00 0.00 0.00 0.25 0.35 0.25 0.25 0.00 
0.00 0.25 0.50 0.71 0.56 0.35 0.25 0.35 0.56 0.56 0.35 0.25 0.00 0.25 0.25 0.00 0.25 0.35 0.25 0.00 0.00 0.00 0.25 0.35 0.25 0.25 0.00 
0.00 0.25 0.50 0.71 0.56 0.35 0.25 0.35 0.56 0.56 0.35 0.25 0.00 0.25 0.25 0.00 0.25 0.35 0.25 0.00 0.00 0.00 0.25 0.35 0.25 0.25 0.00 
0.00 0.25 0.50 0.71 0.56 0.35 0.25 0.35 0.56 0.56 0.35 0.25 0.00 0.25 0.25 0.00 0.25 0.35 0.25 0.00 0.00 0.00 0.25 0.35 0.25 0.25 0.00 
0.00 0.25 0.50 0.50 0.50 0.35 0.25 0.35 0.50 0.50 0.35 0.25 0.00 0.25 0.25 0.00 0.25 0.35 0.25 0.00 0.00 0.00 0.25 0.35 0.25 0.25 0.00 
0.00 0.25 0.25 0.25 0.25 0.25 0.25 0.25 0.25 0.25 0.25 0.25 0.00 0.25 0.25 0.00 0.25 0.25 0.25 0.00 0.00 0.00 0.25 0.25 0.25 0.25 0.00 
0.00 0.00 0.00 0.00 0.00 0.00 0.00 0.00 0.00 0.00 0.00 0.00 0.00 0.00 0.00 0.00 0.00 0.00 0.00 0.00 0.00 0.00 0.00 0.00 0.00 0.00 0.00 

Layer 4:
0.00 0.00 0.00 0.00 0.00 0.00 0.00 0.00 0.00 0.00 0.00 0.00 0.00 0.00 0.00 0.00 0.00 0.00 0.00 0.00 0.00 0.00 0.00 0.00 0.00 0.00 0.00 
0.00 0.25 0.25 0.25 0.25 0.25 0.00 0.25 0.25 0.25 0.25 0.25 0.25 0.25 0.00 0.00 0.00 0.25 0.25 0.25 0.00 0.25 0.25 0.25 0.00 0.25 0.00 
0.00 0.25 0.50 0.50 0.35 0.25 0.00 0.25 0.35 0.50 0.50 0.35 0.25 0.25 0.00 0.00 0.00 0.25 0.35 0.25 0.00 0.25 0.35 0.25 0.00 0.25 0.00 
0.00 0.25 0.50 0.56 0.35 0.25 0.00 0.25 0.35 0.56 0.56 0.35 0.25 0.25 0.00 0.00 0.00 0.25 0.35 0.25 0.00 0.25 0.35 0.25 0.00 0.25 0.00 
0.00 0.25 0.35 0.35 0.35 0.25 0.00 0.25 0.35 0.35 0.35 0.35 0.25 0.25 0.00 0.00 0.00 0.25 0.35 0.25 0.00 0.25 0.35 0.25 0.00 0.25 0.00 
0.00 0.25 0.25 0.25 0.25 0.25 0.00 0.25 0.25 0.25 0.25 0.25 0.25 0.25 0.00 0.00 0.00 0.25 0.25 0.25 0.00 0.25 0.25 0.25 0.00 0.25 0.00 
0.00 0.25 0.35 0.35 0.35 0.25 0.00 0.25 0.35 0.35 0.35 0.35 0.25 0.25 0.00 0.00 0.00 0.25 0.35 0.25 0.00 0.25 0.35 0.25 0.00 0.25 0.00 
0.00 0.25 0.50 0.56 0.35 0.25 0.00 0.25 0.35 0.56 0.56 0.35 0.25 0.25 0.00 0.00 0.00 0.25 0.35 0.25 0.00 0.25 0.35 0.25 0.00 0.25 0.00 
0.00 0.25 0.50 0.56 0.35 0.25 0.00 0.25 0.35 0.56 0.56 0.35 0.25 0.25 0.00 0.00 0.00 0.25 0.35 0.25 0.00 0.25 0.35 0.25 0.00 0.25 0.00 
0.00 0.25 0.50 0.56 0.35 0.25 0.00 0.25 0.35 0.56 0.56 0.35 0.25 0.25 0.00 0.00 0.00 0.25 0.35 0.25 0.00 0.25 0.35 0.25 0.00 0.25 0.00 
0.00 0.25 0.50 0.56 0.35 0.25 0.00 0.25 0.35 0.56 0.56 0.35 0.25 0.25 0.00 0.00 0.00 0.25 0.35 0.25 0.00 0.25 0.35 0.25 0.00 0.25 0.00 
0.00 0.25 0.50 0.56 0.35 0.25 0.00 0.25 0.35 0.56 0.56 0.35 0.25 0.25 0.00 0.00 0.00 0.25 0.35 0.25 0.00 0.25 0.35 0.25 0.00 0.25 0.00 
0.00 0.25 0.50 0.56 0.35 0.25 0.00 0.25 0.35 0.56 0.56 0.35 0.25 0.25 0.00 0.00 0.00 0.25 0.35 0.25 0.00 0.25 0.35 0.25 0.00 0.25 0.00 
0.00 0.25 0.50 0.56 0.35 0.25 0.00 0.25 0.35 0.56 0.56 0.35 0.25 0.25 0.00 0.00 0.00 0.25 0.35 0.25 0.00 0.25 0.35 0.25 0.00 0.25 0.00 
0.00 0.25 0.50 0.56 0.35 0.25 0.00 0.25 0.35 0.56 0.56 0.35 0.25 0.25 0.00 0.00 0.00 0.25 0.35 0.25 0.00 0.25 0.35 0.25 0.00 0.25 0.00 
0.00 0.25 0.50 0.56 0.35 0.25 0.00 0.25 0.35 0.56 0.56 0.35 0.25 0.25 0.00 0.00 0.00 0.25 0.35 0.25 0.00 0.25 0.35 0.25 0.00 0.25 0.00 
0.00 0.25 0.50 0.56 0.35 0.25 0.00 0.25 0.35 0.56 0.56 0.35 0.25 0.25 0.00 0.00 0.00 0.25 0.35 0.25 0.00 0.25 0.35 0.25 0.00 0.25 0.00 
0.00 0.25 0.50 0.56 0.35 0.25 0.00 0.25 0.35 0.56 0.56 0.35 0.25 0.25 0.00 0.00 0.00 0.25 0.35 0.25 0.00 0.25 0.35 0.25 0.00 0.25 0.00 
0.00 0.25 0.50 0.56 0.35 0.25 0.00 0.25 0.35 0.56 0.56 0.35 0.25 0.25 0.00 0.00 0.00 0.25 0.35 0.25 0.00 0.25 0.35 0.25 0.00 0.25 0.00 
0.00 0.25 0.50 0.56 0.35 0.25 0.00 0.25 0.35 0.56 0.56 0.35 0.25 0.25 0.00 0.00 0.00 0.25 0.35 0.25 0.00 0.25 0.35 0.25 0.00 0.25 0.00 
0.00 0.25 0.50 0.56 0.35 0.25 0.00 0.25 0.35 0.56 0.56 0.35 0.25 0.25 0.00 0.00 0.00 0.25 0.35 0.25 0.00 0.25 0.35 0.25 0.00 0.25 0.00 
0.00 0.25 0.50 0.50 0.35 0.25 0.00 0.25 0.35 0.50 0.50 0.35 0.25 0.25 0.00 0.00 0.00 0.25 0.35 0.25 0.00 0.25 0.35 0.25 0.00 0.25 0.00 
0.00 0.25 0.50 0.56 0.35 0.25 0.00 0.25 0.35 0.56 0.56 0.35 0.25 0.25 0.00 0.00 0.00 0.25 0.35 0.25 0.00 0.25 0.35 0.25 0.00 0.25 0.00 
0.00 0.25 0.50 0.56 0.35 0.25 0.00 0.25 0.35 0.56 0.56 0.35 0.25 0.25 0.00 0.00 0.00 0.25 0.35 0.25 0.00 0.25 0.35 0.25 0.00 0.25 0.00 
0.00 0.25 0.50 0.50 0.35 0.25 0.00 0.25 0.35 0.50 0.50 0.35 0.25 0.25 0.00 0.00 0.00 0.25 0.35 0.25 0.00 0.25 0.35 0.25 0.00 0.25 0.00 
0.00 0.25 0.25 0.25 0.25 0.25 0.00 0.25 0.25 0.25 0.25 0.25 0.25 0.25 0.00 0.00 0.00 0.25 0.25 0.25 0.00 0.25 0.25 0.25 0.00 0.25 0.00 
0.00 0.00 0.00 0.00 0.00 0.00 0.00 0.00 0.00 0.00 0.00 0.00 0.00 0.00 0.00 0.00 0.00 0.00 0.00 0.00 0.00 0.00 0.00 0.00 0.00 0.00 0.00 

Layer 5:
0.00 0.00 0.00 0.00 0.00 0.00 0.00 0.00 0.00 0.00 0.00 0.00 0.00 0.00 0.00 0.00 0.00 0.00 0.00 0.00 0.00 0.00 0.00 0.00 0.00 0.00 0.00 
0.00 0.25 0.25 0.25 0.25 0.00 0.00 0.00 0.25 0.25 0.25 0.25 0.25 0.25 0.25 0.00 0.25 0.25 0.25 0.25 0.25 0.25 0.25 0.00 0.00 0.00 0.00 
0.00 0.25 0.50 0.50 0.25 0.00 0.00 0.00 0.25 0.50 0.50 0.50 0.35 0.25 0.25 0.00 0.25 0.35 0.35 0.25 0.25 0.35 0.25 0.00 0.00 0.00 0.00 
0.00 0.25 0.35 0.35 0.25 0.00 0.00 0.00 0.25 0.35 0.35 0.35 0.35 0.25 0.25 0.00 0.25 0.35 0.35 0.25 0.25 0.35 0.25 0.00 0.00 0.00 0.00 
0.00 0.25 0.25 0.25 0.25 0.00 0.00 0.00 0.25 0.25 0.25 0.25 0.25 0.25 0.25 0.00 0.25 0.25 0.25 0.25 0.25 0.25 0.25 0.00 0.00 0.00 0.00 
0.00 0.00 0.00 0.00 0.00 0.00 0.00 0.00 0.00 0.00 0.00 0.00 0.00 0.00 0.00 0.00 0.00 0.00 0.00 0.00 0.00 0.00 0.00 0.00 0.00 0.00 0.00 
0.00 0.25 0.25 0.25 0.25 0.00 0.00 0.00 0.25 0.25 0.25 0.25 0.25 0.25 0.25 0.00 0.25 0.25 0.25 0.25 0.25 0.25 0.25 0.00 0.00 0.00 0.00 
0.00 0.25 0.35 0.35 0.25 0.00 0.00 0.00 0.25 0.35 0.35 0.35 0.35 0.25 0.25 0.00 0.25 0.35 0.35 0.25 0.25 0.35 0.25 0.00 0.00 0.00 0.00 
0.00 0.25 0.50 0.50 0.25 0.00 0.00 0.00 0.25 0.50 0.50 0.56 0.35 0.25 0.25 0.00 0.25 0.35 0.35 0.25 0.25 0.35 0.25 0.00 0.00 0.00 0.00 
0.00 0.25 0.50 0.50 0.25 0.00 0.00 0.00 0.25 0.50 0.50 0.56 0.35 0.25 0.25 0.00 0.25 0.35 0.35 0.25 0.25 0.35 0.25 0.00 0.00 0.00 0.00 
0.00 0.25 0.50 0.50 0.25 0.00 0.00 0.00 0.25 0.50 0.50 0.56 0.35 0.25 0.25 0.00 0.25 0.35 0.35 0.25 0.25 0.35 0.25 0.00 0.00 0.00 0.00 
0.00 0.25 0.50 0.50 0.25 0.00 0.00 0.00 0.25 0.50 0.50 0.56 0.35 0.25 0.25 0.00 0.25 0.35 0.35 0.25 0.25 0.35 0.25 0.00 0.00 0.00 0.00 
0.00 0.25 0.50 0.50 0.25 0.00 0.00 0.00 0.25 0.50 0.50 0.56 0.35 0.25 0.25 0.00 0.25 0.35 0.35 0.25 0.25 0.35 0.25 0.00 0.00 0.00 0.00 
0.00 0.25 0.50 0.50 0.25 0.00 0.00 0.00 0.25 0.50 0.50 0.56 0.35 0.25 0.25 0.00 0.25 0.35 0.35 0.25 0.25 0.35 0.25 0.00 0.00 0.00 0.00 
0.00 0.25 0.50 0.50 0.25 0.00 0.00 0.00 0.25 0.50 0.50 0.56 0.35 0.25 0.25 0.00 0.25 0.35 0.35 0.25 0.25 0.35 0.25 0.00 0.00 0.00 0.00 
0.00 0.25 0.50 0.50 0.25 0.00 0.00 0.00 0.25 0.50 0.50 0.56 0.35 0.25 0.25 0.00 0.25 0.35 0.35 0.25 0.25 0.35 0.25 0.00 0.00 0.00 0.00 
0.00 0.25 0.50 0.50 0.25 0.00 0.00 0.00 0.25 0.50 0.50 0.56 0.35 0.25 0.25 0.00 0.25 0.35 0.35 0.25 0.25 0.35 0.25 0.00 0.00 0.00 0.00 
0.00 0.25 0.50 0.50 0.25 0.00 0.00 0.00 0.25 0.50 0.50 0.56 0.35 0.25 0.25 0.00 0.25 0.35 0.35 0.25 0.25 0.35 0.25 0.00 0.00 0.00 0.00 
0.00 0.25 0.50 0.50 0.25 0.00 0.00 0.00 0.25 0.50 0.50 0.56 0.35 0.25 0.25 0.00 0.25 0.35 0.35 0.25 0.25 0.35 0.25 0.00 0.00 0.00 0.00 
0.00 0.25 0.50 0.50 0.25 0.00 0.00 0.00 0.25 0.50 0.50 0.56 0.35 0.25 0.25 0.00 0.25 0.35 0.35 0.25 0.25 0.35 0.25 0.00 0.00 0.00 0.00 
0.00 0.25 0.35 0.35 0.25 0.00 0.00 0.00 0.25 0.35 0.35 0.35 0.35 0.25 0.25 0.00 0.25 0.35 0.35 0.25 0.25 0.35 0.25 0.00 0.00 0.00 0.00 
0.00 0.25 0.25 0.25 0.25 0.00 0.00 0.00 0.25 0.25 0.25 0.25 0.25 0.25 0.25 0.00 0.25 0.25 0.25 0.25 0.25 0.25 0.25 0.00 0.00 0.00 0.00 
0.00 0.25 0.35 0.35 0.25 0.00 0.00 0.00 0.25 0.35 0.35 0.35 0.35 0.25 0.25 0.00 0.25 0.35 0.35 0.25 0.25 0.35 0.25 0.00 0.00 0.00 0.00 
0.00 0.25 0.50 0.50 0.25 0.00 0.00 0.00 0.25 0.50 0.50 0.56 0.35 0.25 0.25 0.00 0.25 0.35 0.35 0.25 0.25 0.35 0.25 0.00 0.00 0.00 0.00 
0.00 0.25 0.50 0.50 0.25 0.00 0.00 0.00 0.25 0.50 0.50 0.50 0.35 0.25 0.25 0.00 0.25 0.35 0.35 0.25 0.25 0.35 0.25 0.00 0.00 0.00 0.00 
0.00 0.25 0.25 0.25 0.25 0.00 0.00 0.00 0.25 0.25 0.25 0.25 0.25 0.25 0.25 0.00 0.25 0.25 0.25 0.25 0.25 0.25 0.25 0.00 0.00 0.00 0.00 
0.00 0.00 0.00 0.00 0.00 0.00 0.00 0.00 0.00 0.00 0.00 0.00 0.00 0.00 0.00 0.00 0.00 0.00 0.00 0.00 0.00 0.00 0.00 0.00 0.00 0.00 0.00 

Layer 6:
0.00 0.00 0.00 0.00 0.00 0.00 0.00 0.00 0.00 0.00 0.00 0.00 0.00 0.00 0.00 0.00 0.00 0.00 0.00 0.00 0.00 0.00 0.00 0.00 0.00 0.00 0.00 
0.00 0.25 0.25 0.25 0.25 0.25 0.00 0.25 0.25 0.25 0.25 0.25 0.25 0.00 0.25 0.25 0.25 0.25 0.25 0.00 0.25 0.25 0.00 0.25 0.00 0.25 0.00 
0.00 0.25 0.50 0.50 0.35 0.25 0.00 0.25 0.35 0.35 0.25 0.35 0.25 0.00 0.25 0.25 0.35 0.35 0.25 0.00 0.25 0.25 0.00 0.25 0.00 0.25 0.00 
0.00 0.25 0.25 0.25 0.25 0.25 0.00 0.25 0.25 0.25 0.25 0.25 0.25 0.00 0.25 0.25 0.25 0.25 0.25 0.00 0.25 0.25 0.00 0.25 0.00 0.25 0.00 
0.00 0.00 0.00 0.00 0.00 0.00 0.00 0.00 0.00 0.00 0.00 0.00 0.00 0.00 0.00 0.00 0.00 0.00 0.00 0.00 0.00 0.00 0.00 0.00 0.00 0.00 0.00 
0.00 0.00 0.00 0.00 0.00 0.00 0.00 0.00 0.00 0.00 0.00 0.00 0.00 0.00 0.00 0.00 0.00 0.00 0.00 0.00 0.00 0.00 0.00 0.00 0.00 0.00 0.00 
0.00 0.00 0.00 0.00 0.00 0.00 0.00 0.00 0.00 0.00 0.00 0.00 0.00 0.00 0.00 0.00 0.00 0.00 0.00 0.00 0.00 0.00 0.00 0.00 0.00 0.00 0.00 
0.00 0.25 0.25 0.25 0.25 0.25 0.00 0.25 0.25 0.25 0.25 0.25 0.25 0.00 0.25 0.25 0.25 0.25 0.25 0.00 0.25 0.25 0.00 0.25 0.00 0.25 0.00 
0.00 0.25 0.50 0.50 0.35 0.25 0.00 0.25 0.35 0.35 0.25 0.35 0.25 0.00 0.25 0.25 0.35 0.35 0.25 0.00 0.25 0.25 0.00 0.25 0.00 0.25 0.00 
0.00 0.25 0.50 0.56 0.35 0.25 0.00 0.25 0.35 0.35 0.25 0.35 0.25 0.00 0.25 0.25 0.35 0.35 0.25 0.00 0.25 0.25 0.00 0.25 0.00 0.25 0.00 
0.00 0.25 0.50 0.56 0.35 0.25 0.00 0.25 0.35 0.35 0.25 0.35 0.25 0.00 0.25 0.25 0.35 0.35 0.25 0.00 0.25 0.25 0.00 0.25 0.00 0.25 0.00 
0.00 0.25 0.50 0.56 0.35 0.25 0.00 0.25 0.35 0.35 0.25 0.35 0.25 0.00 0.25 0.25 0.35 0.35 0.25 0.00 0.25 0.25 0.00 0.25 0.00 0.25 0.00 
0.00 0.25 0.50 0.56 0.35 0.25 0.00 0.25 0.35 0.35 0.25 0.35 0.25 0.00 0.25 0.25 0.35 0.35 0.25 0.00 0.25 0.25 0.00 0.25 0.00 0.25 0.00 
0.00 0.25 0.50 0.56 0.35 0.25 0.00 0.25 0.35 0.35 0.25 0.35 0.25 0.00 0.25 0.25 0.35 0.35 0.25 0.00 0.25 0.25 0.00 0.25 0.00 0.25 0.00 
0.00 0.25 0.50 0.50 0.35 0.25 0.00 0.25 0.35 0.35 0.25 0.35 0.25 0.00 0.25 0.25 0.35 0.35 0.25 0.00 0.25 0.25 0.00 0.25 0.00 0.25 0.00 
0.00 0.25 0.50 0.56 0.35 0.25 0.00 0.25 0.35 0.35 0.25 0.35 0.25 0.00 0.25 0.25 0.35 0.35 0.25 0.00 0.25 0.25 0.00 0.25 0.00 0.25 0.00 
0.00 0.25 0.50 0.56 0.35 0.25 0.00 0.25 0.35 0.35 0.25 0.35 0.25 0.00 0.25 0.25 0.35 0.35 0.25 0.00 0.25 0.25 0.00 0.25 0.00 0.25 0.00 
0.00 0.25 0.50 0.56 0.35 0.25 0.00 0.25 0.35 0.35 0.25 0.35 0.25 0.00 0.25 0.25 0.35 0.35 0.25 0.00 0.25 0.25 0.00 0.25 0.00 0.25 0.00 
0.00 0.25 0.50 0.56 0.35 0.25 0.00 0.25 0.35 0.35 0.25 0.35 0.25 0.00 0.25 0.25 0.35 0.35 0.25 0.00 0.25 0.25 0.00 0.25 0.00 0.25 0.00 
0.00 0.25 0.35 0.35 0.35 0.25 0.00 0.25 0.35 0.35 0.25 0.35 0.25 0.00 0.25 0.25 0.35 0.35 0.25 0.00 0.25 0.25 0.00 0.25 0.00 0.25 0.00 
0.00 0.25 0.25 0.25 0.25 0.25 0.00 0.25 0.25 0.25 0.25 0.25 0.25 0.00 0.25 0.25 0.25 0.25 0.25 0.00 0.25 0.25 0.00 0.25 0.00 0.25 0.00 
0.00 0.00 0.00 0.00 0.00 0.00 0.00 0.00 0.00 0.00 0.00 0.00 0.00 0.00 0.00 0.00 0.00 0.00 0.00 0.00 0.00 0.00 0.00 0.00 0.00 0.00 0.00 
0.00 0.25 0.25 0.25 0.25 0.25 0.00 0.25 0.25 0.25 0.25 0.25 0.25 0.00 0.25 0.25 0.25 0.25 0.25 0.00 0.25 0.25 0.00 0.25 0.00 0.25 0.00 
0.00 0.25 0.35 0.35 0.35 0.25 0.00 0.25 0.35 0.35 0.25 0.35 0.25 0.00 0.25 0.25 0.35 0.35 0.25 0.00 0.25 0.25 0.00 0.25 0.00 0.25 0.00 
0.00 0.25 0.50 0.50 0.35 0.25 0.00 0.25 0.35 0.35 0.25 0.35 0.25 0.00 0.25 0.25 0.35 0.35 0.25 0.00 0.25 0.25 0.00 0.25 0.00 0.25 0.00 
0.00 0.25 0.25 0.25 0.25 0.25 0.00 0.25 0.25 0.25 0.25 0.25 0.25 0.00 0.25 0.25 0.25 0.25 0.25 0.00 0.25 0.25 0.00 0.25 0.00 0.25 0.00 
0.00 0.00 0.00 0.00 0.00 0.00 0.00 0.00 0.00 0.00 0.00 0.00 0.00 0.00 0.00 0.00 0.00 0.00 0.00 0.00 0.00 0.00 0.00 0.00 0.00 0.00 0.00 

Layer 7:
0.00 0.00 0.00 0.00 0.00 0.00 0.00 0.00 0.00 0.00 0.00 0.00 0.00 0.00 0.00 0.00 0.00 0.00 0.00 0.00 0.00 0.00 0.00 0.00 0.00 0.00 0.00 
0.00 0.25 0.25 0.25 0.25 0.25 0.25 0.25 0.25 0.25 0.00 0.25 0.00 0.00 0.00 0.25 0.25 0.25 0.00 0.00 0.00 0.00 0.00 0.00 0.25 0.25 0.00 
0.00 0.25 0.50 0.50 0.50 0.35 0.25 0.35 0.35 0.25 0.00 0.25 0.00 0.00 0.00 0.25 0.50 0.25 0.00 0.00 0.00 0.00 0.00 0.00 0.25 0.25 0.00 
0.00 0.25 0.35 0.35 0.35 0.35 0.25 0.35 0.35 0.25 0.00 0.25 0.00 0.00 0.00 0.25 0.35 0.25 0.00 0.00 0.00 0.00 0.00 0.00 0.25 0.25 0.00 
0.00 0.25 0.25 0.25 0.25 0.25 0.25 0.25 0.25 0.25 0.00 0.25 0.00 0.00 0.00 0.25 0.25 0.25 0.00 0.00 0.00 0.00 0.00 0.00 0.25 0.25 0.00 
0.00 0.00 0.00 0.00 0.00 0.00 0.00 0.00 0.00 0.00 0.00 0.00 0.00 0.00 0.00 0.00 0.00 0.00 0.00 0.00 0.00 0.00 0.00 0.00 0.00 0.00 0.00 
0.00 0.25 0.25 0.25 0.25 0.25 0.25 0.25 0.25 0.25 0.00 0.25 0.00 0.00 0.00 0.25 0.25 0.25 0.00 0.00 0.00 0.00 0.00 0.00 0.25 0.25 0.00 
0.00 0.25 0.35 0.35 0.35 0.35 0.25 0.35 0.35 0.25 0.00 0.25 0.00 0.00 0.00 0.25 0.35 0.25 0.00 0.00 0.00 0.00 0.00 0.00 0.25 0.25 0.00 
0.00 0.25 0.50 0.56 0.56 0.35 0.25 0.35 0.35 0.25 0.00 0.25 0.00 0.00 0.00 0.25 0.50 0.25 0.00 0.00 0.00 0.00 0.00 0.00 0.25 0.25 0.00 
0.00 0.25 0.50 0.71 0.56 0.35 0.25 0.35 0.35 0.25 0.00 0.25 0.00 0.00 0.00 0.25 0.50 0.25 0.00 0.00 0.00 0.00 0.00 0.00 0.25 0.25 0.00 
0.00 0.25 0.50 0.71 0.56 0.35 0.25 0.35 0.35 0.25 0.00 0.25 0.00 0.00 0.00 0.25 0.50 0.25 0.00 0.00 0.00 0.00 0.00 0.00 0.25 0.25 0.00 
0.00 0.25 0.50 0.71 0.56 0.35 0.25 0.35 0.35 0.25 0.00 0.25 0.00 0.00 0.00 0.25 0.50 0.25 0.00 0.00 0.00 0.00 0.00 0.00 0.25 0.25 0.00 
0.00 0.25 0.50 0.56 0.56 0.35 0.25 0.35 0.35 0.25 0.00 0.25 0.00 0.00 0.00 0.25 0.50 0.25 0.00 0.00 0.00 0.00 0.00 0.00 0.25 0.25 0.00 
0.00 0.25 0.35 0.35 0.35 0.35 0.25 0.35 0.35 0.25 0.00 0.25 0.00 0.00 0.00 0.25 0.35 0.25 0.00 0.00 0.00 0.00 0.00 0.00 0.25 0.25 0.00 
0.00 0.25 0.25 0.25 0.25 0.25 0.25 0.25 0.25 0.25 0.00 0.25 0.00 0.00 0.00 0.25 0.25 0.25 0.00 0.00 0.00 0.00 0.00 0.00 0.25 0.25 0.00 
0.00 0.25 0.35 0.35 0.35 0.35 0.25 0.35 0.35 0.25 0.00 0.25 0.00 0.00 0.00 0.25 0.35 0.25 0.00 0.00 0.00 0.00 0.00 0.00 0.25 0.25 0.00 
0.00 0.25 0.50 0.56 0.56 0.35 0.25 0.35 0.35 0.25 0.00 0.25 0.00 0.00 0.00 0.25 0.50 0.25 0.00 0.00 0.00 0.00 0.00 0.00 0.25 0.25 0.00 
0.00 0.25 0.50 0.71 0.56 0.35 0.25 0.35 0.35 0.25 0.00 0.25 0.00 0.00 0.00 0.25 0.50 0.25 0.00 0.00 0.00 0.00 0.00 0.00 0.25 0.25 0.00 
0.00 0.25 0.50 0.50 0.50 0.35 0.25 0.35 0.35 0.25 0.00 0.25 0.00 0.00 0.00 0.25 0.50 0.25 0.00 0.00 0.00 0.00 0.00 0.00 0.25 0.25 0.00 
0.00 0.25 0.25 0.25 0.25 0.25 0.25 0.25 0.25 0.25 0.00 0.25 0.00 0.00 0.00 0.25 0.25 0.25 0.00 0.00 0.00 0.00 0.00 0.00 0.25 0.25 0.00 
0.00 0.00 0.00 0.00 0.00 0.00 0.00 0.00 0.00 0.00 0.00 0.00 0.00 0.00 0.00 0.00 0.00 0.00 0.00 0.00 0.00 0.00 0.00 0.00 0.00 0.00 0.00 
0.00 0.00 0.00 0.00 0.00 0.00 0.00 0.00 0.00 0.00 0.00 0.00 0.00 0.00 0.00 0.00 0.00 0.00 0.00 0.00 0.00 0.00 0.00 0.00 0.00 0.00 0.00 
0.00 0.00 0.00 0.00 0.00 0.00 0.00 0.00 0.00 0.00 0.00 0.00 0.00 0.00 0.00 0.00 0.00 0.00 0.00 0.00 0.00 0.00 0.00 0.00 0.00 0.00 0.00 
0.00 0.25 0.25 0.25 0.25 0.25 0.25 0.25 0.25 0.25 0.00 0.25 0.00 0.00 0.00 0.25 0.25 0.25 0.00 0.00 0.00 0.00 0.00 0.00 0.25 0.25 0.00 
0.00 0.25 0.50 0.50 0.50 0.35 0.25 0.35 0.35 0.25 0.00 0.25 0.00 0.00 0.00 0.25 0.50 0.25 0.00 0.00 0.00 0.00 0.00 0.00 0.25 0.25 0.00 
0.00 0.25 0.25 0.25 0.25 0.25 0.25 0.25 0.25 0.25 0.00 0.25 0.00 0.00 0.00 0.25 0.25 0.25 0.00 0.00 0.00 0.00 0.00 0.00 0.25 0.25 0.00 
0.00 0.00 0.00 0.00 0.00 0.00 0.00 0.00 0.00 0.00 0.00 0.00 0.00 0.00 0.00 0.00 0.00 0.00 0.00 0.00 0.00 0.00 0.00 0.00 0.00 0.00 0.00 

Layer 8:
0.00 0.00 0.00 0.00 0.00 0.00 0.00 0.00 0.00 0.00 0.00 0.00 0.00 0.00 0.00 0.00 0.00 0.00 0.00 0.00 0.00 0.00 0.00 0.00 0.00 0.00 0.00 
0.00 0.25 0.25 0.25 0.25 0.25 0.25 0.25 0.25 0.00 0.00 0.00 0.00 0.00 0.25 0.25 0.25 0.25 0.25 0.00 0.25 0.25 0.00 0.25 0.25 0.25 0.00 
0.00 0.25 0.50 0.50 0.50 0.50 0.50 0.50 0.25 0.00 0.00 0.00 0.00 0.00 0.25 0.35 0.50 0.35 0.25 0.00 0.25 0.25 0.00 0.25 0.35 0.25 0.00 
0.00 0.25 0.50 0.56 0.56 0.56 0.50 0.50 0.25 0.00 0.00 0.00 0.00 0.00 0.25 0.35 0.56 0.35 0.25 0.00 0.25 0.25 0.00 0.25 0.35 0.25 0.00 
0.00 0.25 0.35 0.35 0.35 0.35 0.35 0.35 0.25 0.00 0.00 0.00 0.00 0.00 0.25 0.35 0.35 0.35 0.25 0.00 0.25 0.25 0.00 0.25 0.35 0.25 0.00 
0.00 0.25 0.25 0.25 0.25 0.25 0.25 0.25 0.25 0.00 0.00 0.00 0.00 0.00 0.25 0.25 0.25 0.25 0.25 0.00 0.25 0.25 0.00 0.25 0.25 0.25 0.00 
0.00 0.25 0.35 0.35 0.35 0.35 0.35 0.35 0.25 0.00 0.00 0.00 0.00 0.00 0.25 0.35 0.35 0.35 0.25 0.00 0.25 0.25 0.00 0.25 0.35 0.25 0.00 
0.00 0.25 0.50 0.56 0.56 0.56 0.50 0.50 0.25 0.00 0.00 0.00 0.00 0.00 0.25 0.35 0.56 0.35 0.25 0.00 0.25 0.25 0.00 0.25 0.35 0.25 0.00 
0.00 0.25 0.50 0.71 0.71 0.56 0.50 0.50 0.25 0.00 0.00 0.00 0.00 0.00 0.25 0.35 0.56 0.35 0.25 0.00 0.25 0.25 0.00 0.25 0.35 0.25 0.00 
0.00 0.25 0.50 0.75 0.71 0.56 0.50 0.50 0.25 0.00 0.00 0.00 0.00 0.00 0.25 0.35 0.56 0.35 0.25 0.00 0.25 0.25 0.00 0.25 0.35 0.25 0.00 
0.00 0.25 0.50 0.75 0.71 0.56 0.50 0.50 0.25 0.00 0.00 0.00 0.00 0.00 0.25 0.35 0.56 0.35 0.25 0.00 0.25 0.25 0.00 0.25 0.35 0.25 0.00 
0.00 0.25 0.50 0.56 0.56 0.56 0.50 0.50 0.25 0.00 0.00 0.00 0.00 0.00 0.25 0.35 0.56 0.35 0.25 0.00 0.25 0.25 0.00 0.25 0.35 0.25 0.00 
0.00 0.25 0.35 0.35 0.35 0.35 0.35 0.35 0.25 0.00 0.00 0.00 0.00 0.00 0.25 0.35 0.35 0.35 0.25 0.00 0.25 0.25 0.00 0.25 0.35 0.25 0.00 
0.00 0.25 0.25 0.25 0.25 0.25 0.25 0.25 0.25 0.00 0.00 0.00 0.00 0.00 0.25 0.25 0.25 0.25 0.25 0.00 0.25 0.25 0.00 0.25 0.25 0.25 0.00 
0.00 0.00 0.00 0.00 0.00 0.00 0.00 0.00 0.00 0.00 0.00 0.00 0.00 0.00 0.00 0.00 0.00 0.00 0.00 0.00 0.00 0.00 0.00 0.00 0.00 0.00 0.00 
0.00 0.25 0.25 0.25 0.25 0.25 0.25 0.25 0.25 0.00 0.00 0.00 0.00 0.00 0.25 0.25 0.25 0.25 0.25 0.00 0.25 0.25 0.00 0.25 0.25 0.25 0.00 
0.00 0.25 0.35 0.35 0.35 0.35 0.35 0.35 0.25 0.00 0.00 0.00 0.00 0.00 0.25 0.35 0.35 0.35 0.25 0.00 0.25 0.25 0.00 0.25 0.35 0.25 0.00 
0.00 0.25 0.50 0.56 0.56 0.56 0.50 0.50 0.25 0.00 0.00 0.00 0.00 0.00 0.25 0.35 0.56 0.35 0.25 0.00 0.25 0.25 0.00 0.25 0.35 0.25 0.00 
0.00 0.25 0.50 0.56 0.56 0.56 0.50 0.50 0.25 0.00 0.00 0.00 0.00 0.00 0.25 0.35 0.56 0.35 0.25 0.00 0.25 0.25 0.00 0.25 0.35 0.25 0.00 
0.00 0.25 0.35 0.35 0.35 0.35 0.35 0.35 0.25 0.00 0.00 0.00 0.00 0.00 0.25 0.35 0.35 0.35 0.25 0.00 0.25 0.25 0.00 0.25 0.35 0.25 0.00 
0.00 0.25 0.25 0.25 0.25 0.25 0.25 0.25 0.25 0.00 0.00 0.00 0.00 0.00 0.25 0.25 0.25 0.25 0.25 0.00 0.25 0.25 0.00 0.25 0.25 0.25 0.00 
0.00 0.00 0.00 0.00 0.00 0.00 0.00 0.00 0.00 0.00 0.00 0.00 0.00 0.00 0.00 0.00 0.00 0.00 0.00 0.00 0.00 0.00 0.00 0.00 0.00 0.00 0.00 
0.00 0.25 0.25 0.25 0.25 0.25 0.25 0.25 0.25 0.00 0.00 0.00 0.00 0.00 0.25 0.25 0.25 0.25 0.25 0.00 0.25 0.25 0.00 0.25 0.25 0.25 0.00 
0.00 0.25 0.35 0.35 0.35 0.35 0.35 0.35 0.25 0.00 0.00 0.00 0.00 0.00 0.25 0.35 0.35 0.35 0.25 0.00 0.25 0.25 0.00 0.25 0.35 0.25 0.00 
0.00 0.25 0.50 0.50 0.50 0.50 0.50 0.50 0.25 0.00 0.00 0.00 0.00 0.00 0.25 0.35 0.50 0.35 0.25 0.00 0.25 0.25 0.00 0.25 0.35 0.25 0.00 
0.00 0.25 0.25 0.25 0.25 0.25 0.25 0.25 0.25 0.00 0.00 0.00 0.00 0.00 0.25 0.25 0.25 0.25 0.25 0.00 0.25 0.25 0.00 0.25 0.25 0.25 0.00 
0.00 0.00 0.00 0.00 0.00 0.00 0.00 0.00 0.00 0.00 0.00 0.00 0.00 0.00 0.00 0.00 0.00 0.00 0.00 0.00 0.00 0.00 0.00 0.00 0.00 0.00 0.00 

Layer 9:
0.00 0.00 0.00 0.00 0.00 0.00 0.00 0.00 0.00 0.00 0.00 0.00 0.00 0.00 0.00 0.00 0.00 0.00 0.00 0.00 0.00 0.00 0.00 0.00 0.00 0.00 0.00 
0.00 0.25 0.25 0.25 0.25 0.25 0.25 0.25 0.25 0.25 0.00 0.00 0.00 0.00 0.25 0.25 0.25 0.25 0.25 0.25 0.25 0.25 0.25 0.25 0.25 0.25 0.00 
0.00 0.25 0.50 0.50 0.50 0.50 0.50 0.50 0.35 0.25 0.00 0.00 0.00 0.00 0.25 0.50 0.50 0.50 0.35 0.25 0.35 0.35 0.25 0.35 0.50 0.25 0.00 
0.00 0.25 0.50 0.71 0.71 0.71 0.71 0.56 0.35 0.25 0.00 0.00 0.00 0.00 0.25 0.50 0.71 0.56 0.35 0.25 0.35 0.35 0.25 0.35 0.50 0.25 0.00 
0.00 0.25 0.50 0.56 0.56 0.56 0.56 0.56 0.35 0.25 0.00 0.00 0.00 0.00 0.25 0.50 0.56 0.56 0.35 0.25 0.35 0.35 0.25 0.35 0.50 0.25 0.00 
0.00 0.25 0.50 0.50 0.50 0.50 0.50 0.50 0.35 0.25 0.00 0.00 0.00 0.00 0.25 0.50 0.50 0.50 0.35 0.25 0.35 0.35 0.25 0.35 0.50 0.25 0.00 
0.00 0.25 0.50 0.56 0.56 0.56 0.56 0.56 0.35 0.25 0.00 0.00 0.00 0.00 0.25 0.50 0.56 0.56 0.35 0.25 0.35 0.35 0.25 0.35 0.50 0.25 0.00 
0.00 0.25 0.50 0.71 0.71 0.71 0.71 0.56 0.35 0.25 0.00 0.00 0.00 0.00 0.25 0.50 0.71 0.56 0.35 0.25 0.35 0.35 0.25 0.35 0.50 0.25 0.00 
0.00 0.25 0.50 0.75 0.79 0.79 0.75 0.56 0.35 0.25 0.00 0.00 0.00 0.00 0.25 0.50 0.71 0.56 0.35 0.25 0.35 0.35 0.25 0.35 0.50 0.25 0.00 
0.00 0.25 0.50 0.75 0.90 0.79 0.75 0.56 0.35 0.25 0.00 0.00 0.00 0.00 0.25 0.50 0.71 0.56 0.35 0.25 0.35 0.35 0.25 0.35 0.50 0.25 0.00 
0.00 0.25 0.50 0.75 0.75 0.75 0.75 0.56 0.35 0.25 0.00 0.00 0.00 0.00 0.25 0.50 0.71 0.56 0.35 0.25 0.35 0.35 0.25 0.35 0.50 0.25 0.00 
0.00 0.25 0.50 0.50 0.50 0.50 0.50 0.50 0.35 0.25 0.00 0.00 0.00 0.00 0.25 0.50 0.50 0.50 0.35 0.25 0.35 0.35 0.25 0.35 0.50 0.25 0.00 
0.00 0.25 0.25 0.25 0.25 0.25 0.25 0.25 0.25 0.25 0.00 0.00 0.00 0.00 0.25 0.25 0.25 0.25 0.25 0.25 0.25 0.25 0.25 0.25 0.25 0.25 0.00 
0.00 0.00 0.00 0.00 0.00 0.00 0.00 0.00 0.00 0.00 0.00 0.00 0.00 0.00 0.00 0.00 0.00 0.00 0.00 0.00 0.00 0.00 0.00 0.00 0.00 0.00 0.00 
0.00 0.00 0.00 0.00 0.00 0.00 0.00 0.00 0.00 0.00 0.00 0.00 0.00 0.00 0.00 0.00 0.00 0.00 0.00 0.00 0.00 0.00 0.00 0.00 0.00 0.00 0.00 
0.00 0.00 0.00 0.00 0.00 0.00 0.00 0.00 0.00 0.00 0.00 0.00 0.00 0.00 0.00 0.00 0.00 0.00 0.00 0.00 0.00 0.00 0.00 0.00 0.00 0.00 0.00 
0.00 0.25 0.25 0.25 0.25 0.25 0.25 0.25 0.25 0.25 0.00 0.00 0.00 0.00 0.25 0.25 0.25 0.25 0.25 0.25 0.25 0.25 0.25 0.25 0.25 0.25 0.00 
0.00 0.25 0.50 0.50 0.50 0.50 0.50 0.50 0.35 0.25 0.00 0.00 0.00 0.00 0.25 0.50 0.50 0.50 0.35 0.25 0.35 0.35 0.25 0.35 0.50 0.25 0.00 
0.00 0.25 0.50 0.71 0.71 0.71 0.71 0.56 0.35 0.25 0.00 0.00 0.00 0.00 0.25 0.50 0.71 0.56 0.35 0.25 0.35 0.35 0.25 0.35 0.50 0.25 0.00 
0.00 0.25 0.50 0.56 0.56 0.56 0.56 0.56 0.35 0.25 0.00 0.00 0.00 0.00 0.25 0.50 0.56 0.56 0.35 0.25 0.35 0.35 0.25 0.35 0.50 0.25 0.00 
0.00 0.25 0.35 0.35 0.35 0.35 0.35 0.35 0.35 0.25 0.00 0.00 0.00 0.00 0.25 0.35 0.35 0.35 0.35 0.25 0.35 0.35 0.25 0.35 0.35 0.25 0.00 
0.00 0.25 0.25 0.25 0.25 0.25 0.25 0.25 0.25 0.25 0.00 0.00 0.00 0.00 0.25 0.25 0.25 0.25 0.25 0.25 0.25 0.25 0.25 0.25 0.25 0.25 0.00 
0.00 0.25 0.35 0.35 0.35 0.35 0.35 0.35 0.35 0.25 0.00 0.00 0.00 0.00 0.25 0.35 0.35 0.35 0.35 0.25 0.35 0.35 0.25 0.35 0.35 0.25 0.00 
0.00 0.25 0.50 0.56 0.56 0.56 0.56 0.56 0.35 0.25 0.00 0.00 0.00 0.00 0.25 0.50 0.56 0.56 0.35 0.25 0.35 0.35 0.25 0.35 0.50 0.25 0.00 
0.00 0.25 0.50 0.50 0.50 0.50 0.50 0.50 0.35 0.25 0.00 0.00 0.00 0.00 0.25 0.50 0.50 0.50 0.35 0.25 0.35 0.35 0.25 0.35 0.50 0.25 0.00 
0.00 0.25 0.25 0.25 0.25 0.25 0.25 0.25 0.25 0.25 0.00 0.00 0.00 0.00 0.25 0.25 0.25 0.25 0.25 0.25 0.25 0.25 0.25 0.25 0.25 0.25 0.00 
0.00 0.00 0.00 0.00 0.00 0.00 0.00 0.00 0.00 0.00 0.00 0.00 0.00 0.00 0.00 0.00 0.00 0.00 0.00 0.00 0.00 0.00 0.00 0.00 0.00 0.00 0.00 

Layer 10:
0.00 0.00 0.00 0.00 0.00 0.00 0.00 0.00 0.00 0.00 0.00 0.00 0.00 0.00 0.00 0.00 0.00 0.00 0.00 0.00 0.00 0.00 0.00 0.00 0.00 0.00 0.00 
0.00 0.25 0.25 0.25 0.25 0.25 0.25 0.25 0.25 0.25 0.25 0.25 0.00 0.25 0.25 0.25 0.25 0.25 0.25 0.25 0.25 0.25 0.25 0.25 0.25 0.25 0.00 
0.00 0.25 0.50 0.50 0.50 0.50 0.50 0.50 0.50 0.35 0.25 0.25 0.00 0.25 0.35 0.50 0.50 0.50 0.50 0.50 0.50 0.50 0.50 0.50 0.50 0.25 0.00 
0.00 0.25 0.50 0.75 0.75 0.75 0.75 0.71 0.56 0.35 0.25 0.25 0.00 0.25 0.35 0.56 0.75 0.71 0.56 0.50 0.56 0.56 0.50 0.56 0.50 0.25 0.00 
0.00 0.25 0.50 0.75 0.79 0.79 0.79 0.71 0.56 0.35 0.25 0.25 0.00 0.25 0.35 0.56 0.79 0.71 0.56 0.50 0.56 0.56 0.50 0.56 0.50 0.25 0.00 
0.00 0.25 0.50 0.71 0.71 0.71 0.71 0.71 0.56 0.35 0.25 0.25 0.00 0.25 0.35 0.56 0.71 0.71 0.56 0.50 0.56 0.56 0.50 0.56 0.50 0.25 0.00 
0.00 0.25 0.50 0.56 0.56 0.56 0.56 0.56 0.56 0.35 0.25 0.25 0.00 0.25 0.35 0.56 0.56 0.56 0.56 0.50 0.56 0.56 0.50 0.56 0.50 0.25 0.00 
0.00 0.25 0.50 0.50 0.50 0.50 0.50 0.50 0.50 0.35 0.25 0.25 0.00 0.25 0.35 0.50 0.50 0.50 0.50 0.50 0.50 0.50 0.50 0.50 0.50 0.25 0.00 
0.00 0.25 0.50 0.56 0.56 0.56 0.56 0.56 0.56 0.35 0.25 0.25 0.00 0.25 0.35 0.56 0.56 0.56 0.56 0.50 0.56 0.56 0.50 0.56 0.50 0.25 0.00 
0.00 0.25 0.50 0.71 0.71 0.71 0.71 0.71 0.56 0.35 0.25 0.25 0.00 0.25 0.35 0.56 0.71 0.71 0.56 0.50 0.56 0.56 0.50 0.56 0.50 0.25 0.00 
0.00 0.25 0.50 0.75 0.79 0.79 0.79 0.71 0.56 0.35 0.25 0.25 0.00 0.25 0.35 0.56 0.79 0.71 0.56 0.50 0.56 0.56 0.50 0.56 0.50 0.25 0.00 
0.00 0.25 0.50 0.56 0.56 0.56 0.56 0.56 0.56 0.35 0.25 0.25 0.00 0.25 0.35 0.56 0.56 0.56 0.56 0.50 0.56 0.56 0.50 0.56 0.50 0.25 0.00 
0.00 0.25 0.35 0.35 0.35 0.35 0.35 0.35 0.35 0.35 0.25 0.25 0.00 0.25 0.35 0.35 0.35 0.35 0.35 0.35 0.35 0.35 0.35 0.35 0.35 0.25 0.00 
0.00 0.25 0.25 0.25 0.25 0.25 0.25 0.25 0.25 0.25 0.25 0.25 0.00 0.25 0.25 0.25 0.25 0.25 0.25 0.25 0.25 0.25 0.25 0.25 0.25 0.25 0.00 
0.00 0.00 0.00 0.00 0.00 0.00 0.00 0.00 0.00 0.00 0.00 0.00 0.00 0.00 0.00 0.00 0.00 0.00 0.00 0.00 0.00 0.00 0.00 0.00 0.00 0.00 0.00 
0.00 0.25 0.25 0.25 0.25 0.25 0.25 0.25 0.25 0.25 0.25 0.25 0.00 0.25 0.25 0.25 0.25 0.25 0.25 0.25 0.25 0.25 0.25 0.25 0.25 0.25 0.00 
0.00 0.25 0.35 0.35 0.35 0.35 0.35 0.35 0.35 0.35 0.25 0.25 0.00 0.25 0.35 0.35 0.35 0.35 0.35 0.35 0.35 0.35 0.35 0.35 0.35 0.25 0.00 
0.00 0.25 0.50 0.56 0.56 0.56 0.56 0.56 0.56 0.35 0.25 0.25 0.00 0.25 0.35 0.56 0.56 0.56 0.56 0.50 0.56 0.56 0.50 0.56 0.50 0.25 0.00 
0.00 0.25 0.50 0.75 0.79 0.79 0.79 0.71 0.56 0.35 0.25 0.25 0.00 0.25 0.35 0.56 0.79 0.71 0.56 0.50 0.56 0.56 0.50 0.56 0.50 0.25 0.00 
0.00 0.25 0.50 0.71 0.71 0.71 0.71 0.71 0.56 0.35 0.25 0.25 0.00 0.25 0.35 0.56 0.71 0.71 0.56 0.50 0.56 0.56 0.50 0.56 0.50 0.25 0.00 
0.00 0.25 0.50 0.56 0.56 0.56 0.56 0.56 0.56 0.35 0.25 0.25 0.00 0.25 0.35 0.56 0.56 0.56 0.56 0.50 0.56 0.56 0.50 0.56 0.50 0.25 0.00 
0.00 0.25 0.50 0.50 0.50 0.50 0.50 0.50 0.50 0.35 0.25 0.25 0.00 0.25 0.35 0.50 0.50 0.50 0.50 0.50 0.50 0.50 0.50 0.50 0.50 0.25 0.00 
0.00 0.25 0.50 0.56 0.56 0.56 0.56 0.56 0.56 0.35 0.25 0.25 0.00 0.25 0.35 0.56 0.56 0.56 0.56 0.50 0.56 0.56 0.50 0.56 0.50 0.25 0.00 
0.00 0.25 0.50 0.71 0.71 0.71 0.71 0.71 0.56 0.35 0.25 0.25 0.00 0.25 0.35 0.56 0.71 0.71 0.56 0.50 0.56 0.56 0.50 0.56 0.50 0.25 0.00 
0.00 0.25 0.50 0.50 0.50 0.50 0.50 0.50 0.50 0.35 0.25 0.25 0.00 0.25 0.35 0.50 0.50 0.50 0.50 0.50 0.50 0.50 0.50 0.50 0.50 0.25 0.00 
0.00 0.25 0.25 0.25 0.25 0.25 0.25 0.25 0.25 0.25 0.25 0.25 0.00 0.25 0.25 0.25 0.25 0.25 0.25 0.25 0.25 0.25 0.25 0.25 0.25 0.25 0.00 
0.00 0.00 0.00 0.00 0.00 0.00 0.00 0.00 0.00 0.00 0.00 0.00 0.00 0.00 0.00 0.00 0.00 0.00 0.00 0.00 0.00 0.00 0.00 0.00 0.00 0.00 0.00 

Layer 11:
0.00 0.00 0.00 0.00 0.00 0.00 0.00 0.00 0.00 0.00 0.00 0.00 0.00 0.00 0.00 0.00 0.00 0.00 0.00 0.00 0.00 0.00 0.00 0.00 0.00 0.00 0.00 
0.00 0.25 0.25 0.25 0.25 0.25 0.25 0.25 0.25 0.25 0.25 0.25 0.25 0.25 0.25 0.25 0.25 0.25 0.25 0.25 0.25 0.25 0.25 0.25 0.25 0.25 0.00 
0.00 0.25 0.50 0.50 0.50 0.50 0.50 0.50 0.50 0.50 0.50 0.35 0.25 0.35 0.50 0.50 0.50 0.50 0.50 0.50 0.50 0.50 0.50 0.50 0.50 0.25 0.00 
0.00 0.25 0.50 0.75 0.75 0.75 0.75 0.71 0.56 0.50 0.50 0.35 0.25 0.35 0.56 0.71 0.75 0.75 0.75 0.75 0.75 0.75 0.75 0.75 0.50 0.25 0.00 
0.00 0.25 0.50 0.71 0.71 0.71 0.71 0.71 0.56 0.50 0.50 0.35 0.25 0.35 0.56 0.71 0.71 0.71 0.71 0.71 0.71 0.71 0.71 0.71 0.50 0.25 0.00 
0.00 0.25 0.50 0.56 0.56 0.56 0.56 0.56 0.56 0.50 0.50 0.35 0.25 0.35 0.56 0.56 0.56 0.56 0.56 0.56 0.56 0.56 0.56 0.56 0.50 0.25 0.00 
0.00 0.25 0.35 0.35 0.35 0.35 0.35 0.35 0.35 0.35 0.35 0.35 0.25 0.35 0.35 0.35 0.35 0.35 0.35 0.35 0.35 0.35 0.35 0.35 0.35 0.25 0.00 
0.00 0.25 0.25 0.25 0.25 0.25 0.25 0.25 0.25 0.25 0.25 0.25 0.25 0.25 0.25 0.25 0.25 0.25 0.25 0.25 0.25 0.25 0.25 0.25 0.25 0.25 0.00 
0.00 0.25 0.35 0.35 0.35 0.35 0.35 0.35 0.35 0.35 0.35 0.35 0.25 0.35 0.35 0.35 0.35 0.35 0.35 0.35 0.35 0.35 0.35 0.35 0.35 0.25 0.00 
0.00 0.25 0.50 0.56 0.56 0.56 0.56 0.56 0.56 0.50 0.50 0.35 0.25 0.35 0.56 0.56 0.56 0.56 0.56 0.56 0.56 0.56 0.56 0.56 0.50 0.25 0.00 
0.00 0.25 0.50 0.71 0.71 0.71 0.71 0.71 0.56 0.50 0.50 0.35 0.25 0.35 0.56 0.71 0.71 0.71 0.71 0.71 0.71 0.71 0.71 0.71 0.50 0.25 0.00 
0.00 0.25 0.50 0.71 0.71 0.71 0.71 0.71 0.56 0.50 0.50 0.35 0.25 0.35 0.56 0.71 0.71 0.71 0.71 0.71 0.71 0.71 0.71 0.71 0.50 0.25 0.00 
0.00 0.25 0.50 0.56 0.56 0.56 0.56 0.56 0.56 0.50 0.50 0.35 0.25 0.35 0.56 0.56 0.56 0.56 0.56 0.56 0.56 0.56 0.56 0.56 0.50 0.25 0.00 
0.00 0.25 0.35 0.35 0.35 0.35 0.35 0.35 0.35 0.35 0.35 0.35 0.25 0.35 0.35 0.35 0.35 0.35 0.35 0.35 0.35 0.35 0.35 0.35 0.35 0.25 0.00 
0.00 0.25 0.25 0.25 0.25 0.25 0.25 0.25 0.25 0.25 0.25 0.25 0.25 0.25 0.25 0.25 0.25 0.25 0.25 0.25 0.25 0.25 0.25 0.25 0.25 0.25 0.00 
0.00 0.25 0.35 0.35 0.35 0.35 0.35 0.35 0.35 0.35 0.35 0.35 0.25 0.35 0.35 0.35 0.35 0.35 0.35 0.35 0.35 0.35 0.35 0.35 0.35 0.25 0.00 
0.00 0.25 0.50 0.56 0.56 0.56 0.56 0.56 0.56 0.50 0.50 0.35 0.25 0.35 0.56 0.56 0.56 0.56 0.56 0.56 0.56 0.56 0.56 0.56 0.50 0.25 0.00 
0.00 0.25 0.50 0.71 0.71 0.71 0.71 0.71 0.56 0.50 0.50 0.35 0.25 0.35 0.56 0.71 0.71 0.71 0.71 0.71 0.71 0.71 0.71 0.71 0.50 0.25 0.00 
0.00 0.25 0.50 0.75 0.90 0.90 0.90 0.71 0.56 0.50 0.50 0.35 0.25 0.35 0.56 0.71 0.90 0.90 0.79 0.75 0.79 0.79 0.75 0.75 0.50 0.25 0.00 
0.00 0.25 0.50 0.75 0.90 0.90 0.90 0.71 0.56 0.50 0.50 0.35 0.25 0.35 0.56 0.71 0.90 0.90 0.79 0.75 0.79 0.79 0.75 0.75 0.50 0.25 0.00 
0.00 0.25 0.50 0.75 0.79 0.79 0.79 0.71 0.56 0.50 0.50 0.35 0.25 0.35 0.56 0.71 0.79 0.79 0.79 0.75 0.79 0.79 0.75 0.75 0.50 0.25 0.00 
0.00 0.25 0.50 0.75 0.75 0.75 0.75 0.71 0.56 0.50 0.50 0.35 0.25 0.35 0.56 0.71 0.75 0.75 0.75 0.75 0.75 0.75 0.75 0.75 0.50 0.25 0.00 
0.00 0.25 0.50 0.75 0.79 0.79 0.79 0.71 0.56 0.50 0.50 0.35 0.25 0.35 0.56 0.71 0.79 0.79 0.79 0.75 0.79 0.79 0.75 0.75 0.50 0.25 0.00 
0.00 0.25 0.50 0.75 0.75 0.75 0.75 0.71 0.56 0.50 0.50 0.35 0.25 0.35 0.56 0.71 0.75 0.75 0.75 0.75 0.75 0.75 0.75 0.75 0.50 0.25 0.00 
0.00 0.25 0.50 0.50 0.50 0.50 0.50 0.50 0.50 0.50 0.50 0.35 0.25 0.35 0.50 0.50 0.50 0.50 0.50 0.50 0.50 0.50 0.50 0.50 0.50 0.25 0.00 
0.00 0.25 0.25 0.25 0.25 0.25 0.25 0.25 0.25 0.25 0.25 0.25 0.25 0.25 0.25 0.25 0.25 0.25 0.25 0.25 0.25 0.25 0.25 0.25 0.25 0.25 0.00 
0.00 0.00 0.00 0.00 0.00 0.00 0.00 0.00 0.00 0.00 0.00 0.00 0.00 0.00 0.00 0.00 0.00 0.00 0.00 0.00 0.00 0.00 0.00 0.00 0.00 0.00 0.00 

Layer 12:
0.00 0.00 0.00 0.00 0.00 0.00 0.00 0.00 0.00 0.00 0.00 0.00 0.00 0.00 0.00 0.00 0.00 0.00 0.00 0.00 0.00 0.00 0.00 0.00 0.00 0.00 0.00 
0.00 0.25 0.25 0.25 0.25 0.25 0.25 0.25 0.25 0.25 0.25 0.25 0.25 0.25 0.25 0.25 0.25 0.25 0.25 0.25 0.25 0.25 0.25 0.25 0.25 0.25 0.00 
0.00 0.25 0.50 0.50 0.50 0.50 0.50 0.50 0.35 0.25 0.35 0.50 0.50 0.50 0.50 0.50 0.50 0.50 0.50 0.50 0.50 0.50 0.50 0.50 0.50 0.25 0.00 
0.00 0.25 0.50 0.56 0.56 0.56 0.56 0.56 0.35 0.25 0.35 0.56 0.50 0.56 0.56 0.56 0.56 0.56 0.56 0.56 0.56 0.56 0.56 0.56 0.50 0.25 0.00 
0.00 0.25 0.50 0.50 0.50 0.50 0.50 0.50 0.35 0.25 0.35 0.50 0.50 0.50 0.50 0.50 0.50 0.50 0.50 0.50 0.50 0.50 0.50 0.50 0.50 0.25 0.00 
0.00 0.25 0.35 0.35 0.35 0.35 0.35 0.35 0.35 0.25 0.35 0.35 0.35 0.35 0.35 0.35 0.35 0.35 0.35 0.35 0.35 0.35 0.35 0.35 0.35 0.25 0.00 
0.00 0.25 0.25 0.25 0.25 0.25 0.25 0.25 0.25 0.25 0.25 0.25 0.25 0.25 0.25 0.25 0.25 0.25 0.25 0.25 0.25 0.25 0.25 0.25 0.25 0.25 0.00 
0.00 0.00 0.00 0.00 0.00 0.00 0.00 0.00 0.00 0.00 0.00 0.00 0.00 0.00 0.00 0.00 0.00 0.00 0.00 0.00 0.00 0.00 0.00 0.00 0.00 0.00 0.00 
0.00 0.25 0.25 0.25 0.25 0.25 0.25 0.25 0.25 0.25 0.25 0.25 0.25 0.25 0.25 0.25 0.25 0.25 0.25 0.25 0.25 0.25 0.25 0.25 0.25 0.25 0.00 
0.00 0.25 0.35 0.35 0.35 0.35 0.35 0.35 0.35 0.25 0.35 0.35 0.35 0.35 0.35 0.35 0.35 0.35 0.35 0.35 0.35 0.35 0.35 0.35 0.35 0.25 0.00 
0.00 0.25 0.50 0.56 0.56 0.56 0.56 0.56 0.35 0.25 0.35 0.56 0.50 0.56 0.56 0.56 0.56 0.56 0.56 0.56 0.56 0.56 0.56 0.56 0.50 0.25 0.00 
0.00 0.25 0.50 0.75 0.79 0.79 0.71 0.56 0.35 0.25 0.35 0.56 0.50 0.56 0.71 0.79 0.79 0.79 0.79 0.79 0.79 0.79 0.79 0.75 0.50 0.25 0.00 
0.00 0.25 0.50 0.71 0.71 0.71 0.71 0.56 0.35 0.25 0.35 0.56 0.50 0.56 0.71 0.71 0.71 0.71 0.71 0.71 0.71 0.71 0.71 0.71 0.50 0.25 0.00 
0.00 0.25 0.50 0.56 0.56 0.56 0.56 0.56 0.35 0.25 0.35 0.56 0.50 0.56 0.56 0.56 0.56 0.56 0.56 0.56 0.56 0.56 0.56 0.56 0.50 0.25 0.00 
0.00 0.25 0.50 0.50 0.50 0.50 0.50 0.50 0.35 0.25 0.35 0.50 0.50 0.50 0.50 0.50 0.50 0.50 0.50 0.50 0.50 0.50 0.50 0.50 0.50 0.25 0.00 
0.00 0.25 0.50 0.56 0.56 0.56 0.56 0.56 0.35 0.25 0.35 0.56 0.50 0.56 0.56 0.56 0.56 0.56 0.56 0.56 0.56 0.56 0.56 0.56 0.50 0.25 0.00 
0.00 0.25 0.50 0.71 0.71 0.71 0.71 0.56 0.35 0.25 0.35 0.56 0.50 0.56 0.71 0.71 0.71 0.71 0.71 0.71 0.71 0.71 0.71 0.71 0.50 0.25 0.00 
0.00 0.25 0.50 0.75 0.90 0.90 0.71 0.56 0.35 0.25 0.35 0.56 0.50 0.56 0.71 0.90 0.90 0.90 0.90 0.90 0.90 0.90 0.90 0.75 0.50 0.25 0.00 
0.00 0.25 0.50 0.75 1.00 0.90 0.71 0.56 0.35 0.25 0.35 0.56 0.50 0.56 0.71 0.90 1.00 1.00 1.00 1.00 1.00 1.00 1.00 0.75 0.50 0.25 0.00 
0.00 0.25 0.50 0.75 1.00 0.90 0.71 0.56 0.35 0.25 0.35 0.56 0.50 0.56 0.71 0.90 1.00 1.00 1.00 1.00 1.00 1.00 1.00 0.75 0.50 0.25 0.00 
0.00 0.25 0.50 0.75 1.00 0.90 0.71 0.56 0.35 0.25 0.35 0.56 0.50 0.56 0.71 0.90 1.00 1.00 1.00 1.00 1.00 1.00 1.00 0.75 0.50 0.25 0.00 
0.00 0.25 0.50 0.75 1.00 0.90 0.71 0.56 0.35 0.25 0.35 0.56 0.50 0.56 0.71 0.90 1.00 1.00 1.00 1.00 1.00 1.00 1.00 0.75 0.50 0.25 0.00 
0.00 0.25 0.50 0.75 1.00 0.90 0.71 0.56 0.35 0.25 0.35 0.56 0.50 0.56 0.71 0.90 1.00 1.00 1.00 1.00 1.00 1.00 1.00 0.75 0.50 0.25 0.00 
0.00 0.25 0.50 0.75 0.75 0.75 0.71 0.56 0.35 0.25 0.35 0.56 0.50 0.56 0.71 0.75 0.75 0.75 0.75 0.75 0.75 0.75 0.75 0.75 0.50 0.25 0.00 
0.00 0.25 0.50 0.50 0.50 0.50 0.50 0.50 0.35 0.25 0.35 0.50 0.50 0.50 0.50 0.50 0.50 0.50 0.50 0.50 0.50 0.50 0.50 0.50 0.50 0.25 0.00 
0.00 0.25 0.25 0.25 0.25 0.25 0.25 0.25 0.25 0.25 0.25 0.25 0.25 0.25 0.25 0.25 0.25 0.25 0.25 0.25 0.25 0.25 0.25 0.25 0.25 0.25 0.00 
0.00 0.00 0.00 0.00 0.00 0.00 0.00 0.00 0.00 0.00 0.00 0.00 0.00 0.00 0.00 0.00 0.00 0.00 0.00 0.00 0.00 0.00 0.00 0.00 0.00 0.00 0.00 

Layer 13:
0.00 0.00 0.00 0.00 0.00 0.00 0.00 0.00 0.00 0.00 0.00 0.00 0.00 0.00 0.00 0.00 0.00 0.00 0.00 0.00 0.00 0.00 0.00 0.00 0.00 0.00 0.00 
0.00 0.25 0.25 0.25 0.25 0.25 0.25 0.25 0.25 0.00 0.25 0.25 0.25 0.25 0.25 0.25 0.25 0.25 0.25 0.25 0.25 0.25 0.25 0.25 0.25 0.25 0.00 
0.00 0.25 0.50 0.50 0.50 0.50 0.50 0.35 0.25 0.00 0.25 0.35 0.50 0.50 0.50 0.50 0.50 0.50 0.50 0.50 0.50 0.50 0.50 0.50 0.50 0.25 0.00 
0.00 0.25 0.35 0.35 0.35 0.35 0.35 0.35 0.25 0.00 0.25 0.35 0.35 0.35 0.35 0.35 0.35 0.35 0.35 0.35 0.35 0.35 0.35 0.35 0.35 0.25 0.00 
0.00 0.25 0.25 0.25 0.25 0.25 0.25 0.25 0.25 0.00 0.25 0.25 0.25 0.25 0.25 0.25 0.25 0.25 0.25 0.25 0.25 0.25 0.25 0.25 0.25 0.25 0.00 
0.00 0.25 0.25 0.25 0.25 0.25 0.25 0.25 0.25 0.00 0.25 0.25 0.25 0.25 0.25 0.25 0.25 0.25 0.25 0.25 0.25 0.25 0.25 0.25 0.25 0.25 0.00 
0.00 0.00 0.00 0.00 0.00 0.00 0.00 0.00 0.00 0.00 0.00 0.00 0.00 0.00 0.00 0.00 0.00 0.00 0.00 0.00 0.00 0.00 0.00 0.00 0.00 0.00 0.00 
0.00 0.00 0.00 0.00 0.00 0.00 0.00 0.00 0.00 0.00 0.00 0.00 0.00 0.00 0.00 0.00 0.00 0.00 0.00 0.00 0.00 0.00 0.00 0.00 0.00 0.00 0.00 
0.00 0.00 0.00 0.00 0.00 0.00 0.00 0.00 0.00 0.00 0.00 0.00 0.00 0.00 0.00 0.00 0.00 0.00 0.00 0.00 0.00 0.00 0.00 0.00 0.00 0.00 0.00 
0.00 0.25 0.25 0.25 0.25 0.25 0.25 0.25 0.25 0.00 0.25 0.25 0.25 0.25 0.25 0.25 0.25 0.25 0.25 0.25 0.25 0.25 0.25 0.25 0.25 0.25 0.00 
0.00 0.25 0.50 0.50 0.50 0.50 0.50 0.35 0.25 0.00 0.25 0.35 0.50 0.50 0.50 0.50 0.50 0.50 0.50 0.50 0.50 0.50 0.50 0.50 0.50 0.25 0.00 
0.00 0.25 0.50 0.75 0.75 0.75 0.56 0.35 0.25 0.00 0.25 0.35 0.56 0.75 0.75 0.75 0.75 0.75 0.75 0.75 0.75 0.75 0.75 0.75 0.50 0.25 0.00 
0.00 0.25 0.50 0.75 0.90 0.79 0.56 0.35 0.25 0.00 0.25 0.35 0.56 0.79 0.90 0.90 0.90 0.90 0.90 0.90 0.90 0.90 0.90 0.75 0.50 0.25 0.00 
0.00 0.25 0.50 0.75 0.79 0.79 0.56 0.35 0.25 0.00 0.25 0.35 0.56 0.79 0.79 0.79 0.79 0.79 0.79 0.79 0.79 0.79 0.79 0.75 0.50 0.25 0.00 
0.00 0.25 0.50 0.75 0.75 0.75 0.56 0.35 0.25 0.00 0.25 0.35 0.56 0.75 0.75 0.75 0.75 0.75 0.75 0.75 0.75 0.75 0.75 0.75 0.50 0.25 0.00 
0.00 0.25 0.50 0.75 0.79 0.79 0.56 0.35 0.25 0.00 0.25 0.35 0.56 0.79 0.79 0.79 0.79 0.79 0.79 0.79 0.79 0.79 0.79 0.75 0.50 0.25 0.00 
0.00 0.25 0.50 0.75 0.90 0.79 0.56 0.35 0.25 0.00 0.25 0.35 0.56 0.79 0.90 0.90 0.90 0.90 0.90 0.90 0.90 0.90 0.90 0.75 0.50 0.25 0.00 
0.00 0.25 0.50 0.75 1.00 0.79 0.56 0.35 0.25 0.00 0.25 0.35 0.56 0.79 0.90 1.00 1.00 1.00 1.00 1.00 1.00 1.00 1.00 0.75 0.50 0.25 0.00 
0.00 0.25 0.50 0.75 1.00 0.79 0.56 0.35 0.25 0.00 0.25 0.35 0.56 0.79 0.90 1.00 1.00 1.00 1.00 1.00 1.00 1.00 1.00 0.75 0.50 0.25 0.00 
0.00 0.25 0.50 0.75 1.00 0.79 0.56 0.35 0.25 0.00 0.25 0.35 0.56 0.79 0.90 1.00 1.00 1.00 1.00 1.00 1.00 1.00 1.00 0.75 0.50 0.25 0.00 
0.00 0.25 0.50 0.75 1.00 0.79 0.56 0.35 0.25 0.00 0.25 0.35 0.56 0.79 0.90 1.00 1.00 1.00 1.00 1.00 1.00 1.00 1.00 0.75 0.50 0.25 0.00 
0.00 0.25 0.50 0.75 1.00 0.79 0.56 0.35 0.25 0.00 0.25 0.35 0.56 0.79 0.90 1.00 1.00 1.00 1.00 1.00 1.00 1.00 1.00 0.75 0.50 0.25 0.00 
0.00 0.25 0.50 0.75 1.00 0.79 0.56 0.35 0.25 0.00 0.25 0.35 0.56 0.79 0.90 1.00 1.00 1.00 1.00 1.00 1.00 1.00 1.00 0.75 0.50 0.25 0.00 
0.00 0.25 0.50 0.75 0.75 0.75 0.56 0.35 0.25 0.00 0.25 0.35 0.56 0.75 0.75 0.75 0.75 0.75 0.75 0.75 0.75 0.75 0.75 0.75 0.50 0.25 0.00 
0.00 0.25 0.50 0.50 0.50 0.50 0.50 0.35 0.25 0.00 0.25 0.35 0.50 0.50 0.50 0.50 0.50 0.50 0.50 0.50 0.50 0.50 0.50 0.50 0.50 0.25 0.00 
0.00 0.25 0.25 0.25 0.25 0.25 0.25 0.25 0.25 0.00 0.25 0.25 0.25 0.25 0.25 0.25 0.25 0.25 0.25 0.25 0.25 0.25 0.25 0.25 0.25 0.25 0.00 
0.00 0.00 0.00 0.00 0.00 0.00 0.00 0.00 0.00 0.00 0.00 0.00 0.00 0.00 0.00 0.00 0.00 0.00 0.00 0.00 0.00 0.00 0.00 0.00 0.00 0.00 0.00 

Layer 14:
0.00 0.00 0.00 0.00 0.00 0.00 0.00 0.00 0.00 0.00 0.00 0.00 0.00 0.00 0.00 0.00 0.00 0.00 0.00 0.00 0.00 0.00 0.00 0.00 0.00 0.00 0.00 
0.00 0.25 0.25 0.25 0.25 0.25 0.25 0.25 0.00 0.00 0.00 0.25 0.25 0.25 0.25 0.25 0.25 0.25 0.25 0.25 0.25 0.25 0.25 0.25 0.25 0.25 0.00 
0.00 0.25 0.35 0.35 0.35 0.35 0.35 0.25 0.00 0.00 0.00 0.25 0.35 0.35 0.35 0.35 0.35 0.35 0.35 0.35 0.35 0.35 0.35 0.35 0.35 0.25 0.00 
0.00 0.25 0.25 0.25 0.25 0.25 0.25 0.25 0.00 0.00 0.00 0.25 0.25 0.25 0.25 0.25 0.25 0.25 0.25 0.25 0.25 0.25 0.25 0.25 0.25 0.25 0.00 
0.00 0.00 0.00 0.00 0.00 0.00 0.00 0.00 0.00 0.00 0.00 0.00 0.00 0.00 0.00 0.00 0.00 0.00 0.00 0.00 0.00 0.00 0.00 0.00 0.00 0.00 0.00 
0.00 0.25 0.25 0.25 0.25 0.25 0.25 0.25 0.00 0.00 0.00 0.25 0.25 0.25 0.25 0.25 0.25 0.25 0.25 0.25 0.25 0.25 0.25 0.25 0.25 0.25 0.00 
0.00 0.25 0.25 0.25 0.25 0.25 0.25 0.25 0.00 0.00 0.00 0.25 0.25 0.25 0.25 0.25 0.25 0.25 0.25 0.25 0.25 0.25 0.25 0.25 0.25 0.25 0.00 
0.00 0.00 0.00 0.00 0.00 0.00 0.00 0.00 0.00 0.00 0.00 0.00 0.00 0.00 0.00 0.00 0.00 0.00 0.00 0.00 0.00 0.00 0.00 0.00 0.00 0.00 0.00 
0.00 0.25 0.25 0.25 0.25 0.25 0.25 0.25 0.00 0.00 0.00 0.25 0.25 0.25 0.25 0.25 0.25 0.25 0.25 0.25 0.25 0.25 0.25 0.25 0.25 0.25 0.00 
0.00 0.25 0.35 0.35 0.35 0.35 0.35 0.25 0.00 0.00 0.00 0.25 0.35 0.35 0.35 0.35 0.35 0.35 0.35 0.35 0.35 0.35 0.35 0.35 0.35 0.25 0.00 
0.00 0.25 0.50 0.56 0.56 0.56 0.50 0.25 0.00 0.00 0.00 0.25 0.50 0.56 0.56 0.56 0.56 0.56 0.56 0.56 0.56 0.56 0.56 0.56 0.50 0.25 0.00 
0.00 0.25 0.50 0.75 0.79 0.75 0.50 0.25 0.00 0.00 0.00 0.25 0.50 0.75 0.79 0.79 0.79 0.79 0.79 0.79 0.79 0.79 0.79 0.75 0.50 0.25 0.00 
0.00 0.25 0.50 0.75 0.90 0.75 0.50 0.25 0.00 0.00 0.00 0.25 0.50 0.75 0.79 0.90 1.00 1.00 1.00 1.00 1.00 1.00 1.00 0.75 0.50 0.25 0.00 
0.00 0.25 0.50 0.75 0.90 0.75 0.50 0.25 0.00 0.00 0.00 0.25 0.50 0.75 0.79 0.90 1.00 1.00 1.00 1.00 1.00 1.00 1.00 0.75 0.50 0.25 0.00 
0.00 0.25 0.50 0.75 0.90 0.75 0.50 0.25 0.00 0.00 0.00 0.25 0.50 0.75 0.79 0.90 1.00 1.00 1.00 1.00 1.00 1.00 1.00 0.75 0.50 0.25 0.00 
0.00 0.25 0.50 0.75 0.90 0.75 0.50 0.25 0.00 0.00 0.00 0.25 0.50 0.75 0.79 0.90 1.00 1.00 1.00 1.00 1.00 1.00 1.00 0.75 0.50 0.25 0.00 
0.00 0.25 0.50 0.75 0.90 0.75 0.50 0.25 0.00 0.00 0.00 0.25 0.50 0.75 0.79 0.90 1.00 1.00 1.00 1.00 1.00 1.00 1.00 0.75 0.50 0.25 0.00 
0.00 0.25 0.50 0.75 0.90 0.75 0.50 0.25 0.00 0.00 0.00 0.25 0.50 0.75 0.79 0.90 1.00 1.00 1.00 1.00 1.00 1.00 1.00 0.75 0.50 0.25 0.00 
0.00 0.25 0.50 0.75 0.90 0.75 0.50 0.25 0.00 0.00 0.00 0.25 0.50 0.75 0.79 0.90 1.00 1.00 1.00 1.00 1.00 1.00 1.00 0.75 0.50 0.25 0.00 
0.00 0.25 0.50 0.75 0.90 0.75 0.50 0.25 0.00 0.00 0.00 0.25 0.50 0.75 0.79 0.90 0.90 0.90 0.90 0.90 0.90 0.90 0.90 0.75 0.50 0.25 0.00 
0.00 0.25 0.50 0.75 0.79 0.75 0.50 0.25 0.00 0.00 0.00 0.25 0.50 0.75 0.79 0.79 0.79 0.79 0.79 0.79 0.79 0.79 0.79 0.75 0.50 0.25 0.00 
0.00 0.25 0.50 0.75 0.75 0.75 0.50 0.25 0.00 0.00 0.00 0.25 0.50 0.75 0.75 0.75 0.75 0.75 0.75 0.75 0.75 0.75 0.75 0.75 0.50 0.25 0.00 
0.00 0.25 0.50 0.75 0.79 0.75 0.50 0.25 0.00 0.00 0.00 0.25 0.50 0.75 0.79 0.79 0.79 0.79 0.79 0.79 0.79 0.79 0.79 0.75 0.50 0.25 0.00 
0.00 0.25 0.50 0.75 0.75 0.75 0.50 0.25 0.00 0.00 0.00 0.25 0.50 0.75 0.75 0.75 0.75 0.75 0.75 0.75 0.75 0.75 0.75 0.75 0.50 0.25 0.00 
0.00 0.25 0.50 0.50 0.50 0.50 0.50 0.25 0.00 0.00 0.00 0.25 0.50 0.50 0.50 0.50 0.50 0.50 0.50 0.50 0.50 0.50 0.50 0.50 0.50 0.25 0.00 
0.00 0.25 0.25 0.25 0.25 0.25 0.25 0.25 0.00 0.00 0.00 0.25 0.25 0.25 0.25 0.25 0.25 0.25 0.25 0.25 0.25 0.25 0.25 0.25 0.25 0.25 0.00 
0.00 0.00 0.00 0.00 0.00 0.00 0.00 0.00 0.00 0.00 0.00 0.00 0.00 0.00 0.00 0.00 0.00 0.00 0.00 0.00 0.00 0.00 0.00 0.00 0.00 0.00 0.00 

Layer 15:
0.00 0.00 0.00 0.00 0.00 0.00 0.00 0.00 0.00 0.00 0.00 0.00 0.00 0.00 0.00 0.00 0.00 0.00 0.00 0.00 0.00 0.00 0.00 0.00 0.00 0.00 0.00 
0.00 0.25 0.25 0.25 0.25 0.25 0.25 0.25 0.25 0.00 0.25 0.25 0.25 0.25 0.25 0.25 0.25 0.25 0.25 0.25 0.25 0.25 0.25 0.25 0.25 0.25 0.00 
0.00 0.25 0.25 0.25 0.25 0.25 0.25 0.25 0.25 0.00 0.25 0.25 0.25 0.25 0.25 0.25 0.25 0.25 0.25 0.25 0.25 0.25 0.25 0.25 0.25 0.25 0.00 
0.00 0.00 0.00 0.00 0.00 0.00 0.00 0.00 0.00 0.00 0.00 0.00 0.00 0.00 0.00 0.00 0.00 0.00 0.00 0.00 0.00 0.00 0.00 0.00 0.00 0.00 0.00 
0.00 0.00 0.00 0.00 0.00 0.00 0.00 0.00 0.00 0.00 0.00 0.00 0.00 0.00 0.00 0.00 0.00 0.00 0.00 0.00 0.00 0.00 0.00 0.00 0.00 0.00 0.00 
0.00 0.00 0.00 0.00 0.00 0.00 0.00 0.00 0.00 0.00 0.00 0.00 0.00 0.00 0.00 0.00 0.00 0.00 0.00 0.00 0.00 0.00 0.00 0.00 0.00 0.00 0.00 
0.00 0.25 0.25 0.25 0.25 0.25 0.25 0.25 0.25 0.00 0.25 0.25 0.25 0.25 0.25 0.25 0.25 0.25 0.25 0.25 0.25 0.25 0.25 0.25 0.25 0.25 0.00 
0.00 0.25 0.25 0.25 0.25 0.25 0.25 0.25 0.25 0.00 0.25 0.25 0.25 0.25 0.25 0.25 0.25 0.25 0.25 0.25 0.25 0.25 0.25 0.25 0.25 0.25 0.00 
0.00 0.25 0.35 0.35 0.35 0.35 0.35 0.35 0.25 0.00 0.25 0.35 0.35 0.35 0.35 0.35 0.35 0.35 0.35 0.35 0.35 0.35 0.35 0.35 0.35 0.25 0.00 
0.00 0.25 0.50 0.56 0.56 0.56 0.56 0.35 0.25 0.00 0.25 0.35 0.56 0.50 0.56 0.56 0.56 0.56 0.56 0.56 0.56 0.56 0.56 0.56 0.50 0.25 0.00 
0.00 0.25 0.50 0.56 0.71 0.71 0.56 0.35 0.25 0.00 0.25 0.35 0.56 0.50 0.56 0.71 0.71 0.71 0.71 0.71 0.71 0.71 0.71 0.71 0.50 0.25 0.00 
0.00 0.25 0.50 0.56 0.71 0.79 0.56 0.35 0.25 0.00 0.25 0.35 0.56 0.50 0.56 0.71 0.90 0.90 0.90 0.90 0.90 0.90 0.90 0.75 0.50 0.25 0.00 
0.00 0.25 0.50 0.56 0.71 0.79 0.56 0.35 0.25 0.00 0.25 0.35 0.56 0.50 0.56 0.71 0.90 1.00 1.00 1.00 1.00 1.00 1.00 0.75 0.50 0.25 0.00 
0.00 0.25 0.50 0.56 0.71 0.79 0.56 0.35 0.25 0.00 0.25 0.35 0.56 0.50 0.56 0.71 0.90 1.00 1.00 1.00 1.00 1.00 1.00 0.75 0.50 0.25 0.00 
0.00 0.25 0.50 0.56 0.71 0.79 0.56 0.35 0.25 0.00 0.25 0.35 0.56 0.50 0.56 0.71 0.90 1.00 1.00 1.00 1.00 1.00 1.00 0.75 0.50 0.25 0.00 
0.00 0.25 0.50 0.56 0.71 0.79 0.56 0.35 0.25 0.00 0.25 0.35 0.56 0.50 0.56 0.71 0.90 1.00 1.00 1.00 1.00 1.00 1.00 0.75 0.50 0.25 0.00 
0.00 0.25 0.50 0.56 0.71 0.79 0.56 0.35 0.25 0.00 0.25 0.35 0.56 0.50 0.56 0.71 0.90 1.00 1.00 1.00 1.00 1.00 1.00 0.75 0.50 0.25 0.00 
0.00 0.25 0.50 0.56 0.71 0.79 0.56 0.35 0.25 0.00 0.25 0.35 0.56 0.50 0.56 0.71 0.90 1.00 1.00 1.00 1.00 1.00 1.00 0.75 0.50 0.25 0.00 
0.00 0.25 0.50 0.56 0.71 0.79 0.56 0.35 0.25 0.00 0.25 0.35 0.56 0.50 0.56 0.71 0.90 0.90 0.90 0.90 0.90 0.90 0.90 0.75 0.50 0.25 0.00 
0.00 0.25 0.50 0.56 0.71 0.71 0.56 0.35 0.25 0.00 0.25 0.35 0.56 0.50 0.56 0.71 0.71 0.71 0.71 0.71 0.71 0.71 0.71 0.71 0.50 0.25 0.00 
0.00 0.25 0.50 0.56 0.56 0.56 0.56 0.35 0.25 0.00 0.25 0.35 0.56 0.50 0.56 0.56 0.56 0.56 0.56 0.56 0.56 0.56 0.56 0.56 0.50 0.25 0.00 
0.00 0.25 0.50 0.50 0.50 0.50 0.50 0.35 0.25 0.00 0.25 0.35 0.50 0.50 0.50 0.50 0.50 0.50 0.50 0.50 0.50 0.50 0.50 0.50 0.50 0.25 0.00 
0.00 0.25 0.50 0.56 0.56 0.56 0.56 0.35 0.25 0.00 0.25 0.35 0.56 0.50 0.56 0.56 0.56 0.56 0.56 0.56 0.56 0.56 0.56 0.56 0.50 0.25 0.00 
0.00 0.25 0.50 0.56 0.71 0.71 0.56 0.35 0.25 0.00 0.25 0.35 0.56 0.50 0.56 0.71 0.71 0.71 0.71 0.71 0.71 0.71 0.71 0.71 0.50 0.25 0.00 
0.00 0.25 0.50 0.50 0.50 0.50 0.50 0.35 0.25 0.00 0.25 0.35 0.50 0.50 0.50 0.50 0.50 0.50 0.50 0.50 0.50 0.50 0.50 0.50 0.50 0.25 0.00 
0.00 0.25 0.25 0.25 0.25 0.25 0.25 0.25 0.25 0.00 0.25 0.25 0.25 0.25 0.25 0.25 0.25 0.25 0.25 0.25 0.25 0.25 0.25 0.25 0.25 0.25 0.00 
0.00 0.00 0.00 0.00 0.00 0.00 0.00 0.00 0.00 0.00 0.00 0.00 0.00 0.00 0.00 0.00 0.00 0.00 0.00 0.00 0.00 0.00 0.00 0.00 0.00 0.00 0.00 

Layer 16:
0.00 0.00 0.00 0.00 0.00 0.00 0.00 0.00 0.00 0.00 0.00 0.00 0.00 0.00 0.00 0.00 0.00 0.00 0.00 0.00 0.00 0.00 0.00 0.00 0.00 0.00 0.00 
0.00 0.25 0.25 0.25 0.25 0.25 0.25 0.25 0.25 0.25 0.25 0.25 0.25 0.25 0.25 0.25 0.25 0.25 0.25 0.25 0.25 0.25 0.25 0.25 0.25 0.25 0.00 
0.00 0.25 0.25 0.35 0.35 0.35 0.35 0.35 0.35 0.25 0.35 0.35 0.35 0.25 0.35 0.35 0.35 0.35 0.35 0.35 0.35 0.35 0.35 0.35 0.35 0.25 0.00 
0.00 0.25 0.25 0.25 0.25 0.25 0.25 0.25 0.25 0.25 0.25 0.25 0.25 0.25 0.25 0.25 0.25 0.25 0.25 0.25 0.25 0.25 0.25 0.25 0.25 0.25 0.00 
0.00 0.00 0.00 0.00 0.00 0.00 0.00 0.00 0.00 0.00 0.00 0.00 0.00 0.00 0.00 0.00 0.00 0.00 0.00 0.00 0.00 0.00 0.00 0.00 0.00 0.00 0.00 
0.00 0.25 0.25 0.25 0.25 0.25 0.25 0.25 0.25 0.25 0.25 0.25 0.25 0.25 0.25 0.25 0.25 0.25 0.25 0.25 0.25 0.25 0.25 0.25 0.25 0.25 0.00 
0.00 0.25 0.25 0.35 0.35 0.35 0.35 0.35 0.35 0.25 0.35 0.35 0.35 0.25 0.35 0.35 0.35 0.35 0.35 0.35 0.35 0.35 0.35 0.35 0.35 0.25 0.00 
0.00 0.25 0.25 0.35 0.50 0.50 0.50 0.50 0.35 0.25 0.35 0.50 0.35 0.25 0.35 0.50 0.50 0.50 0.50 0.50 0.50 0.50 0.50 0.50 0.50 0.25 0.00 
0.00 0.25 0.25 0.35 0.56 0.56 0.56 0.56 0.35 0.25 0.35 0.56 0.35 0.25 0.35 0.56 0.56 0.56 0.56 0.56 0.56 0.56 0.56 0.56 0.50 0.25 0.00 
0.00 0.25 0.25 0.35 0.56 0.71 0.71 0.56 0.35 0.25 0.35 0.56 0.35 0.25 0.35 0.56 0.71 0.71 0.71 0.71 0.71 0.71 0.71 0.71 0.50 0.25 0.00 
0.00 0.25 0.25 0.35 0.56 0.71 0.71 0.56 0.35 0.25 0.35 0.56 0.35 0.25 0.35 0.56 0.71 0.90 0.90 0.90 0.90 0.90 0.90 0.75 0.50 0.25 0.00 
0.00 0.25 0.25 0.35 0.56 0.71 0.71 0.56 0.35 0.25 0.35 0.56 0.35 0.25 0.35 0.56 0.71 0.90 1.00 1.00 1.00 1.00 1.00 0.75 0.50 0.25 0.00 
0.00 0.25 0.25 0.35 0.56 0.71 0.71 0.56 0.35 0.25 0.35 0.56 0.35 0.25 0.35 0.56 0.71 0.90 1.00 1.00 1.00 1.00 1.00 0.75 0.50 0.25 0.00 
0.00 0.25 0.25 0.35 0.56 0.71 0.71 0.56 0.35 0.25 0.35 0.56 0.35 0.25 0.35 0.56 0.71 0.90 1.00 1.00 1.00 1.00 1.00 0.75 0.50 0.25 0.00 
0.00 0.25 0.25 0.35 0.56 0.71 0.71 0.56 0.35 0.25 0.35 0.56 0.35 0.25 0.35 0.56 0.71 0.90 1.00 1.00 1.00 1.00 1.00 0.75 0.50 0.25 0.00 
0.00 0.25 0.25 0.35 0.56 0.71 0.71 0.56 0.35 0.25 0.35 0.56 0.35 0.25 0.35 0.56 0.71 0.90 1.00 1.00 1.00 1.00 1.00 0.75 0.50 0.25 0.00 
0.00 0.25 0.25 0.35 0.56 0.71 0.71 0.56 0.35 0.25 0.35 0.56 0.35 0.25 0.35 0.56 0.71 0.90 1.00 1.00 1.00 1.00 1.00 0.75 0.50 0.25 0.00 
0.00 0.25 0.25 0.35 0.56 0.71 0.71 0.56 0.35 0.25 0.35 0.56 0.35 0.25 0.35 0.56 0.71 0.90 0.90 0.90 0.90 0.90 0.90 0.75 0.50 0.25 0.00 
0.00 0.25 0.25 0.35 0.56 0.71 0.71 0.56 0.35 0.25 0.35 0.56 0.35 0.25 0.35 0.56 0.71 0.71 0.71 0.71 0.71 0.71 0.71 0.71 0.50 0.25 0.00 
0.00 0.25 0.25 0.35 0.56 0.56 0.56 0.56 0.35 0.25 0.35 0.56 0.35 0.25 0.35 0.56 0.56 0.56 0.56 0.56 0.56 0.56 0.56 0.56 0.50 0.25 0.00 
0.00 0.25 0.25 0.35 0.35 0.35 0.35 0.35 0.35 0.25 0.35 0.35 0.35 0.25 0.35 0.35 0.35 0.35 0.35 0.35 0.35 0.35 0.35 0.35 0.35 0.25 0.00 
0.00 0.25 0.25 0.25 0.25 0.25 0.25 0.25 0.25 0.25 0.25 0.25 0.25 0.25 0.25 0.25 0.25 0.25 0.25 0.25 0.25 0.25 0.25 0.25 0.25 0.25 0.00 
0.00 0.25 0.25 0.35 0.35 0.35 0.35 0.35 0.35 0.25 0.35 0.35 0.35 0.25 0.35 0.35 0.35 0.35 0.35 0.35 0.35 0.35 0.35 0.35 0.35 0.25 0.00 
0.00 0.25 0.25 0.35 0.56 0.56 0.56 0.56 0.35 0.25 0.35 0.56 0.35 0.25 0.35 0.56 0.56 0.56 0.56 0.56 0.56 0.56 0.56 0.56 0.50 0.25 0.00 
0.00 0.25 0.25 0.35 0.50 0.50 0.50 0.50 0.35 0.25 0.35 0.50 0.35 0.25 0.35 0.50 0.50 0.50 0.50 0.50 0.50 0.50 0.50 0.50 0.50 0.25 0.00 
0.00 0.25 0.25 0.25 0.25 0.25 0.25 0.25 0.25 0.25 0.25 0.25 0.25 0.25 0.25 0.25 0.25 0.25 0.25 0.25 0.25 0.25 0.25 0.25 0.25 0.25 0.00 
0.00 0.00 0.00 0.00 0.00 0.00 0.00 0.00 0.00 0.00 0.00 0.00 0.00 0.00 0.00 0.00 0.00 0.00 0.00 0.00 0.00 0.00 0.00 0.00 0.00 0.00 0.00 

Layer 17:
0.00 0.00 0.00 0.00 0.00 0.00 0.00 0.00 0.00 0.00 0.00 0.00 0.00 0.00 0.00 0.00 0.00 0.00 0.00 0.00 0.00 0.00 0.00 0.00 0.00 0.00 0.00 
0.00 0.25 0.00 0.25 0.25 0.25 0.25 0.25 0.25 0.25 0.25 0.25 0.25 0.00 0.25 0.25 0.25 0.25 0.25 0.25 0.25 0.25 0.25 0.25 0.25 0.25 0.00 
0.00 0.25 0.00 0.25 0.35 0.50 0.50 0.50 0.50 0.50 0.50 0.35 0.25 0.00 0.25 0.35 0.50 0.50 0.50 0.50 0.50 0.50 0.50 0.50 0.50 0.25 0.00 
0.00 0.25 0.00 0.25 0.35 0.35 0.35 0.35 0.35 0.35 0.35 0.35 0.25 0.00 0.25 0.35 0.35 0.35 0.35 0.35 0.35 0.35 0.35 0.35 0.35 0.25 0.00 
0.00 0.25 0.00 0.25 0.25 0.25 0.25 0.25 0.25 0.25 0.25 0.25 0.25 0.00 0.25 0.25 0.25 0.25 0.25 0.25 0.25 0.25 0.25 0.25 0.25 0.25 0.00 
0.00 0.25 0.00 0.25 0.35 0.35 0.35 0.35 0.35 0.35 0.35 0.35 0.25 0.00 0.25 0.35 0.35 0.35 0.35 0.35 0.35 0.35 0.35 0.35 0.35 0.25 0.00 
0.00 0.25 0.00 0.25 0.35 0.35 0.35 0.35 0.35 0.35 0.35 0.35 0.25 0.00 0.25 0.35 0.35 0.35 0.35 0.35 0.35 0.35 0.35 0.35 0.35 0.25 0.00 
0.00 0.25 0.00 0.25 0.25 0.25 0.25 0.25 0.25 0.25 0.25 0.25 0.25 0.00 0.25 0.25 0.25 0.25 0.25 0.25 0.25 0.25 0.25 0.25 0.25 0.25 0.00 
0.00 0.25 0.00 0.25 0.35 0.35 0.35 0.35 0.35 0.35 0.35 0.35 0.25 0.00 0.25 0.35 0.35 0.35 0.35 0.35 0.35 0.35 0.35 0.35 0.35 0.25 0.00 
0.00 0.25 0.00 0.25 0.35 0.56 0.56 0.56 0.56 0.50 0.56 0.35 0.25 0.00 0.25 0.35 0.56 0.56 0.56 0.56 0.56 0.56 0.56 0.56 0.50 0.25 0.00 
0.00 0.25 0.00 0.25 0.35 0.56 0.71 0.71 0.56 0.50 0.56 0.35 0.25 0.00 0.25 0.35 0.56 0.71 0.71 0.71 0.71 0.71 0.71 0.71 0.50 0.25 0.00 
0.00 0.25 0.00 0.25 0.35 0.56 0.79 0.71 0.56 0.50 0.56 0.35 0.25 0.00 0.25 0.35 0.56 0.79 0.75 0.79 0.90 0.90 0.90 0.75 0.50 0.25 0.00 
0.00 0.25 0.00 0.25 0.35 0.56 0.79 0.71 0.56 0.50 0.56 0.35 0.25 0.00 0.25 0.35 0.56 0.79 0.75 0.79 0.90 1.00 1.00 0.75 0.50 0.25 0.00 
0.00 0.25 0.00 0.25 0.35 0.56 0.79 0.71 0.56 0.50 0.56 0.35 0.25 0.00 0.25 0.35 0.56 0.79 0.75 0.79 0.90 1.00 1.00 0.75 0.50 0.25 0.00 
0.00 0.25 0.00 0.25 0.35 0.56 0.79 0.71 0.56 0.50 0.56 0.35 0.25 0.00 0.25 0.35 0.56 0.79 0.75 0.79 0.90 1.00 1.00 0.75 0.50 0.25 0.00 
0.00 0.25 0.00 0.25 0.35 0.56 0.79 0.71 0.56 0.50 0.56 0.35 0.25 0.00 0.25 0.35 0.56 0.79 0.75 0.79 0.90 1.00 1.00 0.75 0.50 0.25 0.00 
0.00 0.25 0.00 0.25 0.35 0.56 0.79 0.71 0.56 0.50 0.56 0.35 0.25 0.00 0.25 0.35 0.56 0.79 0.75 0.79 0.90 1.00 1.00 0.75 0.50 0.25 0.00 
0.00 0.25 0.00 0.25 0.35 0.56 0.79 0.71 0.56 0.50 0.56 0.35 0.25 0.00 0.25 0.35 0.56 0.79 0.75 0.79 0.79 0.79 0.79 0.75 0.50 0.25 0.00 
0.00 0.25 0.00 0.25 0.35 0.56 0.56 0.56 0.56 0.50 0.56 0.35 0.25 0.00 0.25 0.35 0.56 0.56 0.56 0.56 0.56 0.56 0.56 0.56 0.50 0.25 0.00 
0.00 0.25 0.00 0.25 0.35 0.35 0.35 0.35 0.35 0.35 0.35 0.35 0.25 0.00 0.25 0.35 0.35 0.35 0.35 0.35 0.35 0.35 0.35 0.35 0.35 0.25 0.00 
0.00 0.25 0.00 0.25 0.25 0.25 0.25 0.25 0.25 0.25 0.25 0.25 0.25 0.00 0.25 0.25 0.25 0.25 0.25 0.25 0.25 0.25 0.25 0.25 0.25 0.25 0.00 
0.00 0.00 0.00 0.00 0.00 0.00 0.00 0.00 0.00 0.00 0.00 0.00 0.00 0.00 0.00 0.00 0.00 0.00 0.00 0.00 0.00 0.00 0.00 0.00 0.00 0.00 0.00 
0.00 0.25 0.00 0.25 0.25 0.25 0.25 0.25 0.25 0.25 0.25 0.25 0.25 0.00 0.25 0.25 0.25 0.25 0.25 0.25 0.25 0.25 0.25 0.25 0.25 0.25 0.00 
0.00 0.25 0.00 0.25 0.35 0.35 0.35 0.35 0.35 0.35 0.35 0.35 0.25 0.00 0.25 0.35 0.35 0.35 0.35 0.35 0.35 0.35 0.35 0.35 0.35 0.25 0.00 
0.00 0.25 0.00 0.25 0.35 0.50 0.50 0.50 0.50 0.50 0.50 0.35 0.25 0.00 0.25 0.35 0.50 0.50 0.50 0.50 0.50 0.50 0.50 0.50 0.50 0.25 0.00 
0.00 0.25 0.00 0.25 0.25 0.25 0.25 0.25 0.25 0.25 0.25 0.25 0.25 0.00 0.25 0.25 0.25 0.25 0.25 0.25 0.25 0.25 0.25 0.25 0.25 0.25 0.00 
0.00 0.00 0.00 0.00 0.00 0.00 0.00 0.00 0.00 0.00 0.00 0.00 0.00 0.00 0.00 0.00 0.00 0.00 0.00 0.00 0.00 0.00 0.00 0.00 0.00 0.00 0.00 

Layer 18:
0.00 0.00 0.00 0.00 0.00 0.00 0.00 0.00 0.00 0.00 0.00 0.00 0.00 0.00 0.00 0.00 0.00 0.00 0.00 0.00 0.00 0.00 0.00 0.00 0.00 0.00 0.00 
0.00 0.00 0.00 0.00 0.25 0.25 0.25 0.25 0.25 0.25 0.25 0.25 0.00 0.00 0.00 0.25 0.25 0.25 0.25 0.25 0.25 0.25 0.25 0.25 0.25 0.25 0.00 
0.00 0.00 0.00 0.00 0.25 0.50 0.50 0.50 0.50 0.50 0.50 0.25 0.00 0.00 0.00 0.25 0.50 0.50 0.50 0.50 0.50 0.50 0.50 0.50 0.50 0.25 0.00 
0.00 0.00 0.00 0.00 0.25 0.50 0.56 0.50 0.56 0.56 0.50 0.25 0.00 0.00 0.00 0.25 0.50 0.56 0.50 0.56 0.56 0.56 0.56 0.56 0.50 0.25 0.00 
0.00 0.00 0.00 0.00 0.25 0.50 0.50 0.50 0.50 0.50 0.50 0.25 0.00 0.00 0.00 0.25 0.50 0.50 0.50 0.50 0.50 0.50 0.50 0.50 0.50 0.25 0.00 
0.00 0.00 0.00 0.00 0.25 0.35 0.35 0.35 0.35 0.35 0.35 0.25 0.00 0.00 0.00 0.25 0.35 0.35 0.35 0.35 0.35 0.35 0.35 0.35 0.35 0.25 0.00 
0.00 0.00 0.00 0.00 0.25 0.25 0.25 0.25 0.25 0.25 0.25 0.25 0.00 0.00 0.00 0.25 0.25 0.25 0.25 0.25 0.25 0.25 0.25 0.25 0.25 0.25 0.00 
0.00 0.00 0.00 0.00 0.00 0.00 0.00 0.00 0.00 0.00 0.00 0.00 0.00 0.00 0.00 0.00 0.00 0.00 0.00 0.00 0.00 0.00 0.00 0.00 0.00 0.00 0.00 
0.00 0.00 0.00 0.00 0.25 0.25 0.25 0.25 0.25 0.25 0.25 0.25 0.00 0.00 0.00 0.25 0.25 0.25 0.25 0.25 0.25 0.25 0.25 0.25 0.25 0.25 0.00 
0.00 0.00 0.00 0.00 0.25 0.35 0.35 0.35 0.35 0.35 0.35 0.25 0.00 0.00 0.00 0.25 0.35 0.35 0.35 0.35 0.35 0.35 0.35 0.35 0.35 0.25 0.00 
0.00 0.00 0.00 0.00 0.25 0.50 0.56 0.50 0.56 0.56 0.50 0.25 0.00 0.00 0.00 0.25 0.50 0.56 0.50 0.56 0.56 0.56 0.56 0.56 0.50 0.25 0.00 
0.00 0.00 0.00 0.00 0.25 0.50 0.56 0.50 0.56 0.71 0.50 0.25 0.00 0.00 0.00 0.25 0.50 0.56 0.50 0.56 0.71 0.79 0.79 0.75 0.50 0.25 0.00 
0.00 0.00 0.00 0.00 0.25 0.50 0.56 0.50 0.56 0.71 0.50 0.25 0.00 0.00 0.00 0.25 0.50 0.56 0.50 0.56 0.71 0.90 1.00 0.75 0.50 0.25 0.00 
0.00 0.00 0.00 0.00 0.25 0.50 0.56 0.50 0.56 0.71 0.50 0.25 0.00 0.00 0.00 0.25 0.50 0.56 0.50 0.56 0.71 0.90 1.00 0.75 0.50 0.25 0.00 
0.00 0.00 0.00 0.00 0.25 0.50 0.56 0.50 0.56 0.71 0.50 0.25 0.00 0.00 0.00 0.25 0.50 0.56 0.50 0.56 0.71 0.90 1.00 0.75 0.50 0.25 0.00 
0.00 0.00 0.00 0.00 0.25 0.50 0.56 0.50 0.56 0.71 0.50 0.25 0.00 0.00 0.00 0.25 0.50 0.56 0.50 0.56 0.71 0.90 1.00 0.75 0.50 0.25 0.00 
0.00 0.00 0.00 0.00 0.25 0.50 0.56 0.50 0.56 0.71 0.50 0.25 0.00 0.00 0.00 0.25 0.50 0.56 0.50 0.56 0.71 0.90 1.00 0.75 0.50 0.25 0.00 
0.00 0.00 0.00 0.00 0.25 0.50 0.56 0.50 0.56 0.71 0.50 0.25 0.00 0.00 0.00 0.25 0.50 0.56 0.50 0.56 0.71 0.75 0.75 0.75 0.50 0.25 0.00 
0.00 0.00 0.00 0.00 0.25 0.50 0.50 0.50 0.50 0.50 0.50 0.25 0.00 0.00 0.00 0.25 0.50 0.50 0.50 0.50 0.50 0.50 0.50 0.50 0.50 0.25 0.00 
0.00 0.00 0.00 0.00 0.25 0.25 0.25 0.25 0.25 0.25 0.25 0.25 0.00 0.00 0.00 0.25 0.25 0.25 0.25 0.25 0.25 0.25 0.25 0.25 0.25 0.25 0.00 
0.00 0.00 0.00 0.00 0.00 0.00 0.00 0.00 0.00 0.00 0.00 0.00 0.00 0.00 0.00 0.00 0.00 0.00 0.00 0.00 0.00 0.00 0.00 0.00 0.00 0.00 0.00 
0.00 0.00 0.00 0.00 0.00 0.00 0.00 0.00 0.00 0.00 0.00 0.00 0.00 0.00 0.00 0.00 0.00 0.00 0.00 0.00 0.00 0.00 0.00 0.00 0.00 0.00 0.00 
0.00 0.00 0.00 0.00 0.00 0.00 0.00 0.00 0.00 0.00 0.00 0.00 0.00 0.00 0.00 0.00 0.00 0.00 0.00 0.00 0.00 0.00 0.00 0.00 0.00 0.00 0.00 
0.00 0.00 0.00 0.00 0.25 0.25 0.25 0.25 0.25 0.25 0.25 0.25 0.00 0.00 0.00 0.25 0.25 0.25 0.25 0.25 0.25 0.25 0.25 0.25 0.25 0.25 0.00 
0.00 0.00 0.00 0.00 0.25 0.50 0.50 0.50 0.50 0.50 0.50 0.25 0.00 0.00 0.00 0.25 0.50 0.50 0.50 0.50 0.50 0.50 0.50 0.50 0.50 0.25 0.00 
0.00 0.00 0.00 0.00 0.25 0.25 0.25 0.25 0.25 0.25 0.25 0.25 0.00 0.00 0.00 0.25 0.25 0.25 0.25 0.25 0.25 0.25 0.25 0.25 0.25 0.25 0.00 
0.00 0.00 0.00 0.00 0.00 0.00 0.00 0.00 0.00 0.00 0.00 0.00 0.00 0.00 0.00 0.00 0.00 0.00 0.00 0.00 0.00 0.00 0.00 0.00 0.00 0.00 0.00 

Layer 19:
0.00 0.00 0.00 0.00 0.00 0.00 0.00 0.00 0.00 0.00 0.00 0.00 0.00 0.00 0.00 0.00 0.00 0.00 0.00 0.00 0.00 0.00 0.00 0.00 0.00 0.00 0.00 
0.00 0.25 0.00 0.25 0.25 0.25 0.25 0.25 0.25 0.25 0.25 0.25 0.25 0.00 0.25 0.25 0.25 0.25 0.25 0.25 0.25 0.25 0.25 0.25 0.25 0.25 0.00 
0.00 0.25 0.00 0.25 0.35 0.25 0.35 0.25 0.35 0.50 0.50 0.35 0.25 0.00 0.25 0.35 0.50 0.35 0.25 0.35 0.50 0.50 0.50 0.50 0.50 0.25 0.00 
0.00 0.25 0.00 0.25 0.35 0.25 0.35 0.25 0.35 0.56 0.56 0.35 0.25 0.00 0.25 0.35 0.56 0.35 0.25 0.35 0.56 0.71 0.75 0.75 0.50 0.25 0.00 
0.00 0.25 0.00 0.25 0.35 0.25 0.35 0.25 0.35 0.50 0.50 0.35 0.25 0.00 0.25 0.35 0.50 0.35 0.25 0.35 0.50 0.50 0.50 0.50 0.50 0.25 0.00 
0.00 0.25 0.00 0.25 0.25 0.25 0.25 0.25 0.25 0.25 0.25 0.25 0.25 0.00 0.25 0.25 0.25 0.25 0.25 0.25 0.25 0.25 0.25 0.25 0.25 0.25 0.00 
0.00 0.00 0.00 0.00 0.00 0.00 0.00 0.00 0.00 0.00 0.00 0.00 0.00 0.00 0.00 0.00 0.00 0.00 0.00 0.00 0.00 0.00 0.00 0.00 0.00 0.00 0.00 
0.00 0.00 0.00 0.00 0.00 0.00 0.00 0.00 0.00 0.00 0.00 0.00 0.00 0.00 0.00 0.00 0.00 0.00 0.00 0.00 0.00 0.00 0.00 0.00 0.00 0.00 0.00 
0.00 0.00 0.00 0.00 0.00 0.00 0.00 0.00 0.00 0.00 0.00 0.00 0.00 0.00 0.00 0.00 0.00 0.00 0.00 0.00 0.00 0.00 0.00 0.00 0.00 0.00 0.00 
0.00 0.25 0.00 0.25 0.25 0.25 0.25 0.25 0.25 0.25 0.25 0.25 0.25 0.00 0.25 0.25 0.25 0.25 0.25 0.25 0.25 0.25 0.25 0.25 0.25 0.25 0.00 
0.00 0.25 0.00 0.25 0.35 0.25 0.35 0.25 0.35 0.50 0.50 0.35 0.25 0.00 0.25 0.35 0.50 0.35 0.25 0.35 0.50 0.50 0.50 0.50 0.50 0.25 0.00 
0.00 0.25 0.00 0.25 0.35 0.25 0.35 0.25 0.35 0.56 0.56 0.35 0.25 0.00 0.25 0.35 0.56 0.35 0.25 0.35 0.56 0.71 0.75 0.75 0.50 0.25 0.00 
0.00 0.25 0.00 0.25 0.35 0.25 0.35 0.25 0.35 0.56 0.56 0.35 0.25 0.00 0.25 0.35 0.56 0.35 0.25 0.35 0.56 0.71 0.90 0.75 0.50 0.25 0.00 
0.00 0.25 0.00 0.25 0.35 0.25 0.35 0.25 0.35 0.56 0.56 0.35 0.25 0.00 0.25 0.35 0.56 0.35 0.25 0.35 0.56 0.71 0.90 0.75 0.50 0.25 0.00 
0.00 0.25 0.00 0.25 0.35 0.25 0.35 0.25 0.35 0.56 0.56 0.35 0.25 0.00 0.25 0.35 0.56 0.35 0.25 0.35 0.56 0.71 0.90 0.75 0.50 0.25 0.00 
0.00 0.25 0.00 0.25 0.35 0.25 0.35 0.25 0.35 0.56 0.56 0.35 0.25 0.00 0.25 0.35 0.56 0.35 0.25 0.35 0.56 0.71 0.90 0.75 0.50 0.25 0.00 
0.00 0.25 0.00 0.25 0.35 0.25 0.35 0.25 0.35 0.56 0.56 0.35 0.25 0.00 0.25 0.35 0.56 0.35 0.25 0.35 0.56 0.71 0.90 0.75 0.50 0.25 0.00 
0.00 0.25 0.00 0.25 0.35 0.25 0.35 0.25 0.35 0.56 0.56 0.35 0.25 0.00 0.25 0.35 0.56 0.35 0.25 0.35 0.56 0.71 0.79 0.75 0.50 0.25 0.00 
0.00 0.25 0.00 0.25 0.35 0.25 0.35 0.25 0.35 0.56 0.56 0.35 0.25 0.00 0.25 0.35 0.56 0.35 0.25 0.35 0.56 0.56 0.56 0.56 0.50 0.25 0.00 
0.00 0.25 0.00 0.25 0.35 0.25 0.35 0.25 0.35 0.35 0.35 0.35 0.25 0.00 0.25 0.35 0.35 0.35 0.25 0.35 0.35 0.35 0.35 0.35 0.35 0.25 0.00 
0.00 0.25 0.00 0.25 0.25 0.25 0.25 0.25 0.25 0.25 0.25 0.25 0.25 0.00 0.25 0.25 0.25 0.25 0.25 0.25 0.25 0.25 0.25 0.25 0.25 0.25 0.00 
0.00 0.00 0.00 0.00 0.00 0.00 0.00 0.00 0.00 0.00 0.00 0.00 0.00 0.00 0.00 0.00 0.00 0.00 0.00 0.00 0.00 0.00 0.00 0.00 0.00 0.00 0.00 
0.00 0.25 0.00 0.25 0.25 0.25 0.25 0.25 0.25 0.25 0.25 0.25 0.25 0.00 0.25 0.25 0.25 0.25 0.25 0.25 0.25 0.25 0.25 0.25 0.25 0.25 0.00 
0.00 0.25 0.00 0.25 0.35 0.25 0.35 0.25 0.35 0.35 0.35 0.35 0.25 0.00 0.25 0.35 0.35 0.35 0.25 0.35 0.35 0.35 0.35 0.35 0.35 0.25 0.00 
0.00 0.25 0.00 0.25 0.35 0.25 0.35 0.25 0.35 0.50 0.50 0.35 0.25 0.00 0.25 0.35 0.50 0.35 0.25 0.35 0.50 0.50 0.50 0.50 0.50 0.25 0.00 
0.00 0.25 0.00 0.25 0.25 0.25 0.25 0.25 0.25 0.25 0.25 0.25 0.25 0.00 0.25 0.25 0.25 0.25 0.25 0.25 0.25 0.25 0.25 0.25 0.25 0.25 0.00 
0.00 0.00 0.00 0.00 0.00 0.00 0.00 0.00 0.00 0.00 0.00 0.00 0.00 0.00 0.00 0.00 0.00 0.00 0.00 0.00 0.00 0.00 0.00 0.00 0.00 0.00 0.00 

Layer 20:
0.00 0.00 0.00 0.00 0.00 0.00 0.00 0.00 0.00 0.00 0.00 0.00 0.00 0.00 0.00 0.00 0.00 0.00 0.00 0.00 0.00 0.00 0.00 0.00 0.00 0.00 0.00 
0.00 0.25 0.25 0.25 0.25 0.00 0.25 0.00 0.25 0.25 0.25 0.25 0.25 0.25 0.25 0.25 0.25 0.25 0.00 0.25 0.25 0.25 0.25 0.25 0.25 0.25 0.00 
0.00 0.25 0.25 0.35 0.25 0.00 0.25 0.00 0.25 0.35 0.50 0.50 0.35 0.25 0.35 0.50 0.35 0.25 0.00 0.25 0.35 0.50 0.50 0.50 0.50 0.25 0.00 
0.00 0.25 0.25 0.35 0.25 0.00 0.25 0.00 0.25 0.35 0.56 0.56 0.35 0.25 0.35 0.56 0.35 0.25 0.00 0.25 0.35 0.56 0.75 0.75 0.50 0.25 0.00 
0.00 0.25 0.25 0.35 0.25 0.00 0.25 0.00 0.25 0.35 0.56 0.56 0.35 0.25 0.35 0.56 0.35 0.25 0.00 0.25 0.35 0.56 0.56 0.56 0.50 0.25 0.00 
0.00 0.25 0.25 0.35 0.25 0.00 0.25 0.00 0.25 0.35 0.35 0.35 0.35 0.25 0.35 0.35 0.35 0.25 0.00 0.25 0.35 0.35 0.35 0.35 0.35 0.25 0.00 
0.00 0.25 0.25 0.25 0.25 0.00 0.25 0.00 0.25 0.25 0.25 0.25 0.25 0.25 0.25 0.25 0.25 0.25 0.00 0.25 0.25 0.25 0.25 0.25 0.25 0.25 0.00 
0.00 0.00 0.00 0.00 0.00 0.00 0.00 0.00 0.00 0.00 0.00 0.00 0.00 0.00 0.00 0.00 0.00 0.00 0.00 0.00 0.00 0.00 0.00 0.00 0.00 0.00 0.00 
0.00 0.25 0.25 0.25 0.25 0.00 0.25 0.00 0.25 0.25 0.25 0.25 0.25 0.25 0.25 0.25 0.25 0.25 0.00 0.25 0.25 0.25 0.25 0.25 0.25 0.25 0.00 
0.00 0.25 0.25 0.35 0.25 0.00 0.25 0.00 0.25 0.35 0.35 0.35 0.35 0.25 0.35 0.35 0.35 0.25 0.00 0.25 0.35 0.35 0.35 0.35 0.35 0.25 0.00 
0.00 0.25 0.25 0.35 0.25 0.00 0.25 0.00 0.25 0.35 0.56 0.56 0.35 0.25 0.35 0.56 0.35 0.25 0.00 0.25 0.35 0.56 0.56 0.56 0.50 0.25 0.00 
0.00 0.25 0.25 0.35 0.25 0.00 0.25 0.00 0.25 0.35 0.56 0.56 0.35 0.25 0.35 0.56 0.35 0.25 0.00 0.25 0.35 0.56 0.79 0.75 0.50 0.25 0.00 
0.00 0.25 0.25 0.35 0.25 0.00 0.25 0.00 0.25 0.35 0.56 0.56 0.35 0.25 0.35 0.56 0.35 0.25 0.00 0.25 0.35 0.56 0.79 0.75 0.50 0.25 0.00 
0.00 0.25 0.25 0.35 0.25 0.00 0.25 0.00 0.25 0.35 0.56 0.56 0.35 0.25 0.35 0.56 0.35 0.25 0.00 0.25 0.35 0.56 0.79 0.75 0.50 0.25 0.00 
0.00 0.25 0.25 0.35 0.25 0.00 0.25 0.00 0.25 0.35 0.56 0.56 0.35 0.25 0.35 0.56 0.35 0.25 0.00 0.25 0.35 0.56 0.79 0.75 0.50 0.25 0.00 
0.00 0.25 0.25 0.35 0.25 0.00 0.25 0.00 0.25 0.35 0.56 0.56 0.35 0.25 0.35 0.56 0.35 0.25 0.00 0.25 0.35 0.56 0.79 0.75 0.50 0.25 0.00 
0.00 0.25 0.25 0.35 0.25 0.00 0.25 0.00 0.25 0.35 0.56 0.56 0.35 0.25 0.35 0.56 0.35 0.25 0.00 0.25 0.35 0.56 0.79 0.75 0.50 0.25 0.00 
0.00 0.25 0.25 0.35 0.25 0.00 0.25 0.00 0.25 0.35 0.56 0.56 0.35 0.25 0.35 0.56 0.35 0.25 0.00 0.25 0.35 0.56 0.79 0.75 0.50 0.25 0.00 
0.00 0.25 0.25 0.35 0.25 0.00 0.25 0.00 0.25 0.35 0.56 0.56 0.35 0.25 0.35 0.56 0.35 0.25 0.00 0.25 0.35 0.56 0.71 0.71 0.50 0.25 0.00 
0.00 0.25 0.25 0.35 0.25 0.00 0.25 0.00 0.25 0.35 0.56 0.56 0.35 0.25 0.35 0.56 0.35 0.25 0.00 0.25 0.35 0.56 0.56 0.56 0.50 0.25 0.00 
0.00 0.25 0.25 0.35 0.25 0.00 0.25 0.00 0.25 0.35 0.35 0.35 0.35 0.25 0.35 0.35 0.35 0.25 0.00 0.25 0.35 0.35 0.35 0.35 0.35 0.25 0.00 
0.00 0.25 0.25 0.25 0.25 0.00 0.25 0.00 0.25 0.25 0.25 0.25 0.25 0.25 0.25 0.25 0.25 0.25 0.00 0.25 0.25 0.25 0.25 0.25 0.25 0.25 0.00 
0.00 0.25 0.25 0.35 0.25 0.00 0.25 0.00 0.25 0.35 0.35 0.35 0.35 0.25 0.35 0.35 0.35 0.25 0.00 0.25 0.35 0.35 0.35 0.35 0.35 0.25 0.00 
0.00 0.25 0.25 0.35 0.25 0.00 0.25 0.00 0.25 0.35 0.56 0.56 0.35 0.25 0.35 0.56 0.35 0.25 0.00 0.25 0.35 0.56 0.56 0.56 0.50 0.25 0.00 
0.00 0.25 0.25 0.35 0.25 0.00 0.25 0.00 0.25 0.35 0.50 0.50 0.35 0.25 0.35 0.50 0.35 0.25 0.00 0.25 0.35 0.50 0.50 0.50 0.50 0.25 0.00 
0.00 0.25 0.25 0.25 0.25 0.00 0.25 0.00 0.25 0.25 0.25 0.25 0.25 0.25 0.25 0.25 0.25 0.25 0.00 0.25 0.25 0.25 0.25 0.25 0.25 0.25 0.00 
0.00 0.00 0.00 0.00 0.00 0.00 0.00 0.00 0.00 0.00 0.00 0.00 0.00 0.00 0.00 0.00 0.00 0.00 0.00 0.00 0.00 0.00 0.00 0.00 0.00 0.00 0.00 

Layer 21:
0.00 0.00 0.00 0.00 0.00 0.00 0.00 0.00 0.00 0.00 0.00 0.00 0.00 0.00 0.00 0.00 0.00 0.00 0.00 0.00 0.00 0.00 0.00 0.00 0.00 0.00 0.00 
0.00 0.25 0.25 0.25 0.00 0.00 0.00 0.00 0.00 0.25 0.25 0.25 0.25 0.25 0.25 0.25 0.25 0.00 0.00 0.00 0.25 0.25 0.25 0.25 0.25 0.25 0.00 
0.00 0.25 0.50 0.25 0.00 0.00 0.00 0.00 0.00 0.25 0.50 0.50 0.50 0.50 0.50 0.50 0.25 0.00 0.00 0.00 0.25 0.50 0.50 0.50 0.50 0.25 0.00 
0.00 0.25 0.50 0.25 0.00 0.00 0.00 0.00 0.00 0.25 0.50 0.71 0.56 0.50 0.56 0.50 0.25 0.00 0.00 0.00 0.25 0.50 0.71 0.56 0.50 0.25 0.00 
0.00 0.25 0.50 0.25 0.00 0.00 0.00 0.00 0.00 0.25 0.50 0.56 0.56 0.50 0.56 0.50 0.25 0.00 0.00 0.00 0.25 0.50 0.56 0.56 0.50 0.25 0.00 
0.00 0.25 0.35 0.25 0.00 0.00 0.00 0.00 0.00 0.25 0.35 0.35 0.35 0.35 0.35 0.35 0.25 0.00 0.00 0.00 0.25 0.35 0.35 0.35 0.35 0.25 0.00 
0.00 0.25 0.25 0.25 0.00 0.00 0.00 0.00 0.00 0.25 0.25 0.25 0.25 0.25 0.25 0.25 0.25 0.00 0.00 0.00 0.25 0.25 0.25 0.25 0.25 0.25 0.00 
0.00 0.00 0.00 0.00 0.00 0.00 0.00 0.00 0.00 0.00 0.00 0.00 0.00 0.00 0.00 0.00 0.00 0.00 0.00 0.00 0.00 0.00 0.00 0.00 0.00 0.00 0.00 
0.00 0.25 0.25 0.25 0.00 0.00 0.00 0.00 0.00 0.25 0.25 0.25 0.25 0.25 0.25 0.25 0.25 0.00 0.00 0.00 0.25 0.25 0.25 0.25 0.25 0.25 0.00 
0.00 0.25 0.35 0.25 0.00 0.00 0.00 0.00 0.00 0.25 0.35 0.35 0.35 0.35 0.35 0.35 0.25 0.00 0.00 0.00 0.25 0.35 0.35 0.35 0.35 0.25 0.00 
0.00 0.25 0.50 0.25 0.00 0.00 0.00 0.00 0.00 0.25 0.50 0.56 0.56 0.50 0.56 0.50 0.25 0.00 0.00 0.00 0.25 0.50 0.56 0.56 0.50 0.25 0.00 
0.00 0.25 0.50 0.25 0.00 0.00 0.00 0.00 0.00 0.25 0.50 0.71 0.56 0.50 0.56 0.50 0.25 0.00 0.00 0.00 0.25 0.50 0.71 0.56 0.50 0.25 0.00 
0.00 0.25 0.50 0.25 0.00 0.00 0.00 0.00 0.00 0.25 0.50 0.71 0.56 0.50 0.56 0.50 0.25 0.00 0.00 0.00 0.25 0.50 0.71 0.56 0.50 0.25 0.00 
0.00 0.25 0.50 0.25 0.00 0.00 0.00 0.00 0.00 0.25 0.50 0.71 0.56 0.50 0.56 0.50 0.25 0.00 0.00 0.00 0.25 0.50 0.71 0.56 0.50 0.25 0.00 
0.00 0.25 0.50 0.25 0.00 0.00 0.00 0.00 0.00 0.25 0.50 0.71 0.56 0.50 0.56 0.50 0.25 0.00 0.00 0.00 0.25 0.50 0.71 0.56 0.50 0.25 0.00 
0.00 0.25 0.50 0.25 0.00 0.00 0.00 0.00 0.00 0.25 0.50 0.71 0.56 0.50 0.56 0.50 0.25 0.00 0.00 0.00 0.25 0.50 0.71 0.56 0.50 0.25 0.00 
0.00 0.25 0.50 0.25 0.00 0.00 0.00 0.00 0.00 0.25 0.50 0.71 0.56 0.50 0.56 0.50 0.25 0.00 0.00 0.00 0.25 0.50 0.71 0.56 0.50 0.25 0.00 
0.00 0.25 0.50 0.25 0.00 0.00 0.00 0.00 0.00 0.25 0.50 0.71 0.56 0.50 0.56 0.50 0.25 0.00 0.00 0.00 0.25 0.50 0.71 0.56 0.50 0.25 0.00 
0.00 0.25 0.50 0.25 0.00 0.00 0.00 0.00 0.00 0.25 0.50 0.71 0.56 0.50 0.56 0.50 0.25 0.00 0.00 0.00 0.25 0.50 0.71 0.56 0.50 0.25 0.00 
0.00 0.25 0.50 0.25 0.00 0.00 0.00 0.00 0.00 0.25 0.50 0.71 0.56 0.50 0.56 0.50 0.25 0.00 0.00 0.00 0.25 0.50 0.71 0.56 0.50 0.25 0.00 
0.00 0.25 0.50 0.25 0.00 0.00 0.00 0.00 0.00 0.25 0.50 0.56 0.56 0.50 0.56 0.50 0.25 0.00 0.00 0.00 0.25 0.50 0.56 0.56 0.50 0.25 0.00 
0.00 0.25 0.50 0.25 0.00 0.00 0.00 0.00 0.00 0.25 0.50 0.50 0.50 0.50 0.50 0.50 0.25 0.00 0.00 0.00 0.25 0.50 0.50 0.50 0.50 0.25 0.00 
0.00 0.25 0.50 0.25 0.00 0.00 0.00 0.00 0.00 0.25 0.50 0.56 0.56 0.50 0.56 0.50 0.25 0.00 0.00 0.00 0.25 0.50 0.56 0.56 0.50 0.25 0.00 
0.00 0.25 0.50 0.25 0.00 0.00 0.00 0.00 0.00 0.25 0.50 0.56 0.56 0.50 0.56 0.50 0.25 0.00 0.00 0.00 0.25 0.50 0.56 0.56 0.50 0.25 0.00 
0.00 0.25 0.50 0.25 0.00 0.00 0.00 0.00 0.00 0.25 0.50 0.50 0.50 0.50 0.50 0.50 0.25 0.00 0.00 0.00 0.25 0.50 0.50 0.50 0.50 0.25 0.00 
0.00 0.25 0.25 0.25 0.00 0.00 0.00 0.00 0.00 0.25 0.25 0.25 0.25 0.25 0.25 0.25 0.25 0.00 0.00 0.00 0.25 0.25 0.25 0.25 0.25 0.25 0.00 
0.00 0.00 0.00 0.00 0.00 0.00 0.00 0.00 0.00 0.00 0.00 0.00 0.00 0.00 0.00 0.00 0.00 0.00 0.00 0.00 0.00 0.00 0.00 0.00 0.00 0.00 0.00 

Layer 22:
0.00 0.00 0.00 0.00 0.00 0.00 0.00 0.00 0.00 0.00 0.00 0.00 0.00 0.00 0.00 0.00 0.00 0.00 0.00 0.00 0.00 0.00 0.00 0.00 0.00 0.00 0.00 
0.00 0.25 0.25 0.25 0.25 0.00 0.25 0.00 0.25 0.25 0.25 0.25 0.25 0.25 0.25 0.25 0.25 0.25 0.00 0.25 0.25 0.25 0.25 0.25 0.25 0.25 0.00 
0.00 0.25 0.50 0.35 0.25 0.00 0.25 0.00 0.25 0.35 0.50 0.50 0.50 0.50 0.50 0.50 0.35 0.25 0.00 0.25 0.35 0.50 0.50 0.35 0.25 0.25 0.00 
0.00 0.25 0.50 0.35 0.25 0.00 0.25 0.00 0.25 0.35 0.56 0.75 0.75 0.75 0.75 0.56 0.35 0.25 0.00 0.25 0.35 0.56 0.56 0.35 0.25 0.25 0.00 
0.00 0.25 0.50 0.35 0.25 0.00 0.25 0.00 0.25 0.35 0.50 0.50 0.50 0.50 0.50 0.50 0.35 0.25 0.00 0.25 0.35 0.50 0.50 0.35 0.25 0.25 0.00 
0.00 0.25 0.25 0.25 0.25 0.00 0.25 0.00 0.25 0.25 0.25 0.25 0.25 0.25 0.25 0.25 0.25 0.25 0.00 0.25 0.25 0.25 0.25 0.25 0.25 0.25 0.00 
0.00 0.00 0.00 0.00 0.00 0.00 0.00 0.00 0.00 0.00 0.00 0.00 0.00 0.00 0.00 0.00 0.00 0.00 0.00 0.00 0.00 0.00 0.00 0.00 0.00 0.00 0.00 
0.00 0.00 0.00 0.00 0.00 0.00 0.00 0.00 0.00 0.00 0.00 0.00 0.00 0.00 0.00 0.00 0.00 0.00 0.00 0.00 0.00 0.00 0.00 0.00 0.00 0.00 0.00 
0.00 0.00 0.00 0.00 0.00 0.00 0.00 0.00 0.00 0.00 0.00 0.00 0.00 0.00 0.00 0.00 0.00 0.00 0.00 0.00 0.00 0.00 0.00 0.00 0.00 0.00 0.00 
0.00 0.25 0.25 0.25 0.25 0.00 0.25 0.00 0.25 0.25 0.25 0.25 0.25 0.25 0.25 0.25 0.25 0.25 0.00 0.25 0.25 0.25 0.25 0.25 0.25 0.25 0.00 
0.00 0.25 0.50 0.35 0.25 0.00 0.25 0.00 0.25 0.35 0.50 0.50 0.50 0.50 0.50 0.50 0.35 0.25 0.00 0.25 0.35 0.50 0.50 0.35 0.25 0.25 0.00 
0.00 0.25 0.50 0.35 0.25 0.00 0.25 0.00 0.25 0.35 0.56 0.75 0.75 0.75 0.75 0.56 0.35 0.25 0.00 0.25 0.35 0.56 0.56 0.35 0.25 0.25 0.00 
0.00 0.25 0.50 0.35 0.25 0.00 0.25 0.00 0.25 0.35 0.56 0.79 0.79 0.75 0.79 0.56 0.35 0.25 0.00 0.25 0.35 0.56 0.56 0.35 0.25 0.25 0.00 
0.00 0.25 0.50 0.35 0.25 0.00 0.25 0.00 0.25 0.35 0.56 0.79 0.79 0.75 0.79 0.56 0.35 0.25 0.00 0.25 0.35 0.56 0.56 0.35 0.25 0.25 0.00 
0.00 0.25 0.50 0.35 0.25 0.00 0.25 0.00 0.25 0.35 0.56 0.79 0.79 0.75 0.79 0.56 0.35 0.25 0.00 0.25 0.35 0.56 0.56 0.35 0.25 0.25 0.00 
0.00 0.25 0.50 0.35 0.25 0.00 0.25 0.00 0.25 0.35 0.56 0.79 0.79 0.75 0.79 0.56 0.35 0.25 0.00 0.25 0.35 0.56 0.56 0.35 0.25 0.25 0.00 
0.00 0.25 0.50 0.35 0.25 0.00 0.25 0.00 0.25 0.35 0.56 0.79 0.79 0.75 0.79 0.56 0.35 0.25 0.00 0.25 0.35 0.56 0.56 0.35 0.25 0.25 0.00 
0.00 0.25 0.50 0.35 0.25 0.00 0.25 0.00 0.25 0.35 0.56 0.79 0.79 0.75 0.79 0.56 0.35 0.25 0.00 0.25 0.35 0.56 0.56 0.35 0.25 0.25 0.00 
0.00 0.25 0.50 0.35 0.25 0.00 0.25 0.00 0.25 0.35 0.56 0.79 0.79 0.75 0.79 0.56 0.35 0.25 0.00 0.25 0.35 0.56 0.56 0.35 0.25 0.25 0.00 
0.00 0.25 0.50 0.35 0.25 0.00 0.25 0.00 0.25 0.35 0.56 0.79 0.79 0.75 0.79 0.56 0.35 0.25 0.00 0.25 0.35 0.56 0.56 0.35 0.25 0.25 0.00 
0.00 0.25 0.50 0.35 0.25 0.00 0.25 0.00 0.25 0.35 0.56 0.79 0.79 0.75 0.79 0.56 0.35 0.25 0.00 0.25 0.35 0.56 0.56 0.35 0.25 0.25 0.00 
0.00 0.25 0.50 0.35 0.25 0.00 0.25 0.00 0.25 0.35 0.56 0.71 0.71 0.71 0.71 0.56 0.35 0.25 0.00 0.25 0.35 0.56 0.56 0.35 0.25 0.25 0.00 
0.00 0.25 0.50 0.35 0.25 0.00 0.25 0.00 0.25 0.35 0.56 0.56 0.56 0.56 0.56 0.56 0.35 0.25 0.00 0.25 0.35 0.56 0.56 0.35 0.25 0.25 0.00 
0.00 0.25 0.35 0.35 0.25 0.00 0.25 0.00 0.25 0.35 0.35 0.35 0.35 0.35 0.35 0.35 0.35 0.25 0.00 0.25 0.35 0.35 0.35 0.35 0.25 0.25 0.00 
0.00 0.25 0.25 0.25 0.25 0.00 0.25 0.00 0.25 0.25 0.25 0.25 0.25 0.25 0.25 0.25 0.25 0.25 0.00 0.25 0.25 0.25 0.25 0.25 0.25 0.25 0.00 
0.00 0.25 0.25 0.25 0.25 0.00 0.25 0.00 0.25 0.25 0.25 0.25 0.25 0.25 0.25 0.25 0.25 0.25 0.00 0.25 0.25 0.25 0.25 0.25 0.25 0.25 0.00 
0.00 0.00 0.00 0.00 0.00 0.00 0.00 0.00 0.00 0.00 0.00 0.00 0.00 0.00 0.00 0.00 0.00 0.00 0.00 0.00 0.00 0.00 0.00 0.00 0.00 0.00 0.00 

Layer 23:
0.00 0.00 0.00 0.00 0.00 0.00 0.00 0.00 0.00 0.00 0.00 0.00 0.00 0.00 0.00 0.00 0.00 0.00 0.00 0.00 0.00 0.00 0.00 0.00 0.00 0.00 0.00 
0.00 0.25 0.25 0.25 0.25 0.25 0.25 0.25 0.25 0.25 0.25 0.25 0.25 0.25 0.25 0.25 0.25 0.25 0.25 0.25 0.25 0.25 0.25 0.25 0.00 0.25 0.00 
0.00 0.25 0.50 0.50 0.35 0.25 0.35 0.25 0.35 0.50 0.50 0.50 0.50 0.50 0.50 0.50 0.50 0.35 0.25 0.35 0.50 0.50 0.35 0.25 0.00 0.25 0.00 
0.00 0.25 0.50 0.56 0.35 0.25 0.35 0.25 0.35 0.56 0.71 0.75 0.75 0.75 0.75 0.71 0.56 0.35 0.25 0.35 0.56 0.56 0.35 0.25 0.00 0.25 0.00 
0.00 0.25 0.50 0.56 0.35 0.25 0.35 0.25 0.35 0.56 0.56 0.56 0.56 0.56 0.56 0.56 0.56 0.35 0.25 0.35 0.56 0.56 0.35 0.25 0.00 0.25 0.00 
0.00 0.25 0.35 0.35 0.35 0.25 0.35 0.25 0.35 0.35 0.35 0.35 0.35 0.35 0.35 0.35 0.35 0.35 0.25 0.35 0.35 0.35 0.35 0.25 0.00 0.25 0.00 
0.00 0.25 0.25 0.25 0.25 0.25 0.25 0.25 0.25 0.25 0.25 0.25 0.25 0.25 0.25 0.25 0.25 0.25 0.25 0.25 0.25 0.25 0.25 0.25 0.00 0.25 0.00 
0.00 0.00 0.00 0.00 0.00 0.00 0.00 0.00 0.00 0.00 0.00 0.00 0.00 0.00 0.00 0.00 0.00 0.00 0.00 0.00 0.00 0.00 0.00 0.00 0.00 0.00 0.00 
0.00 0.25 0.25 0.25 0.25 0.25 0.25 0.25 0.25 0.25 0.25 0.25 0.25 0.25 0.25 0.25 0.25 0.25 0.25 0.25 0.25 0.25 0.25 0.25 0.00 0.25 0.00 
0.00 0.25 0.35 0.35 0.35 0.25 0.35 0.25 0.35 0.35 0.35 0.35 0.35 0.35 0.35 0.35 0.35 0.35 0.25 0.35 0.35 0.35 0.35 0.25 0.00 0.25 0.00 
0.00 0.25 0.50 0.56 0.35 0.25 0.35 0.25 0.35 0.56 0.56 0.56 0.56 0.56 0.56 0.56 0.56 0.35 0.25 0.35 0.56 0.56 0.35 0.25 0.00 0.25 0.00 
0.00 0.25 0.50 0.56 0.35 0.25 0.35 0.25 0.35 0.56 0.71 0.75 0.75 0.75 0.75 0.71 0.56 0.35 0.25 0.35 0.56 0.56 0.35 0.25 0.00 0.25 0.00 
0.00 0.25 0.50 0.56 0.35 0.25 0.35 0.25 0.35 0.56 0.71 0.75 0.75 0.75 0.75 0.71 0.56 0.35 0.25 0.35 0.56 0.56 0.35 0.25 0.00 0.25 0.00 
0.00 0.25 0.50 0.56 0.35 0.25 0.35 0.25 0.35 0.56 0.71 0.75 0.75 0.75 0.75 0.71 0.56 0.35 0.25 0.35 0.56 0.56 0.35 0.25 0.00 0.25 0.00 
0.00 0.25 0.50 0.56 0.35 0.25 0.35 0.25 0.35 0.56 0.71 0.75 0.75 0.75 0.75 0.71 0.56 0.35 0.25 0.35 0.56 0.56 0.35 0.25 0.00 0.25 0.00 
0.00 0.25 0.50 0.56 0.35 0.25 0.35 0.25 0.35 0.56 0.71 0.75 0.75 0.75 0.75 0.71 0.56 0.35 0.25 0.35 0.56 0.56 0.35 0.25 0.00 0.25 0.00 
0.00 0.25 0.50 0.56 0.35 0.25 0.35 0.25 0.35 0.56 0.71 0.75 0.75 0.75 0.75 0.71 0.56 0.35 0.25 0.35 0.56 0.56 0.35 0.25 0.00 0.25 0.00 
0.00 0.25 0.50 0.56 0.35 0.25 0.35 0.25 0.35 0.56 0.71 0.75 0.75 0.75 0.75 0.71 0.56 0.35 0.25 0.35 0.56 0.56 0.35 0.25 0.00 0.25 0.00 
0.00 0.25 0.50 0.56 0.35 0.25 0.35 0.25 0.35 0.56 0.71 0.75 0.75 0.75 0.75 0.71 0.56 0.35 0.25 0.35 0.56 0.56 0.35 0.25 0.00 0.25 0.00 
0.00 0.25 0.50 0.56 0.35 0.25 0.35 0.25 0.35 0.56 0.71 0.75 0.75 0.75 0.75 0.71 0.56 0.35 0.25 0.35 0.56 0.56 0.35 0.25 0.00 0.25 0.00 
0.00 0.25 0.50 0.56 0.35 0.25 0.35 0.25 0.35 0.56 0.71 0.75 0.75 0.75 0.75 0.71 0.56 0.35 0.25 0.35 0.56 0.56 0.35 0.25 0.00 0.25 0.00 
0.00 0.25 0.50 0.56 0.35 0.25 0.35 0.25 0.35 0.56 0.56 0.56 0.56 0.56 0.56 0.56 0.56 0.35 0.25 0.35 0.56 0.56 0.35 0.25 0.00 0.25 0.00 
0.00 0.25 0.35 0.35 0.35 0.25 0.35 0.25 0.35 0.35 0.35 0.35 0.35 0.35 0.35 0.35 0.35 0.35 0.25 0.35 0.35 0.35 0.35 0.25 0.00 0.25 0.00 
0.00 0.25 0.25 0.25 0.25 0.25 0.25 0.25 0.25 0.25 0.25 0.25 0.25 0.25 0.25 0.25 0.25 0.25 0.25 0.25 0.25 0.25 0.25 0.25 0.00 0.25 0.00 
0.00 0.00 0.00 0.00 0.00 0.00 0.00 0.00 0.00 0.00 0.00 0.00 0.00 0.00 0.00 0.00 0.00 0.00 0.00 0.00 0.00 0.00 0.00 0.00 0.00 0.00 0.00 
0.00 0.25 0.25 0.25 0.25 0.25 0.25 0.25 0.25 0.25 0.25 0.25 0.25 0.25 0.25 0.25 0.25 0.25 0.25 0.25 0.25 0.25 0.25 0.25 0.00 0.25 0.00 
0.00 0.00 0.00 0.00 0.00 0.00 0.00 0.00 0.00 0.00 0.00 0.00 0.00 0.00 0.00 0.00 0.00 0.00 0.00 0.00 0.00 0.00 0.00 0.00 0.00 0.00 0.00 

Layer 24:
0.00 0.00 0.00 0.00 0.00 0.00 0.00 0.00 0.00 0.00 0.00 0.00 0.00 0.00 0.00 0.00 0.00 0.00 0.00 0.00 0.00 0.00 0.00 0.00 0.00 0.00 0.00 
0.00 0.25 0.25 0.25 0.25 0.25 0.25 0.25 0.25 0.25 0.25 0.25 0.25 0.25 0.25 0.25 0.25 0.25 0.25 0.25 0.25 0.25 0.25 0.00 0.00 0.00 0.00 
0.00 0.25 0.50 0.50 0.50 0.50 0.50 0.50 0.50 0.50 0.50 0.50 0.50 0.50 0.50 0.50 0.50 0.50 0.50 0.50 0.50 0.50 0.25 0.00 0.00 0.00 0.00 
0.00 0.25 0.50 0.50 0.50 0.50 0.50 0.50 0.50 0.50 0.50 0.50 0.50 0.50 0.50 0.50 0.50 0.50 0.50 0.50 0.50 0.50 0.25 0.00 0.00 0.00 0.00 
0.00 0.25 0.50 0.50 0.50 0.50 0.50 0.50 0.50 0.50 0.50 0.50 0.50 0.50 0.50 0.50 0.50 0.50 0.50 0.50 0.50 0.50 0.25 0.00 0.00 0.00 0.00 
0.00 0.25 0.50 0.50 0.50 0.50 0.50 0.50 0.50 0.50 0.50 0.50 0.50 0.50 0.50 0.50 0.50 0.50 0.50 0.50 0.50 0.50 0.25 0.00 0.00 0.00 0.00 
0.00 0.25 0.35 0.35 0.35 0.35 0.35 0.35 0.35 0.35 0.35 0.35 0.35 0.35 0.35 0.35 0.35 0.35 0.35 0.35 0.35 0.35 0.25 0.00 0.00 0.00 0.00 
0.00 0.25 0.25 0.25 0.25 0.25 0.25 0.25 0.25 0.25 0.25 0.25 0.25 0.25 0.25 0.25 0.25 0.25 0.25 0.25 0.25 0.25 0.25 0.00 0.00 0.00 0.00 
0.00 0.25 0.35 0.35 0.35 0.35 0.35 0.35 0.35 0.35 0.35 0.35 0.35 0.35 0.35 0.35 0.35 0.35 0.35 0.35 0.35 0.35 0.25 0.00 0.00 0.00 0.00 
0.00 0.25 0.50 0.50 0.50 0.50 0.50 0.50 0.50 0.50 0.50 0.50 0.50 0.50 0.50 0.50 0.50 0.50 0.50 0.50 0.50 0.50 0.25 0.00 0.00 0.00 0.00 
0.00 0.25 0.50 0.50 0.50 0.50 0.50 0.50 0.50 0.50 0.50 0.50 0.50 0.50 0.50 0.50 0.50 0.50 0.50 0.50 0.50 0.50 0.25 0.00 0.00 0.00 0.00 
0.00 0.25 0.50 0.50 0.50 0.50 0.50 0.50 0.50 0.50 0.50 0.50 0.50 0.50 0.50 0.50 0.50 0.50 0.50 0.50 0.50 0.50 0.25 0.00 0.00 0.00 0.00 
0.00 0.25 0.50 0.50 0.50 0.50 0.50 0.50 0.50 0.50 0.50 0.50 0.50 0.50 0.50 0.50 0.50 0.50 0.50 0.50 0.50 0.50 0.25 0.00 0.00 0.00 0.00 
0.00 0.25 0.50 0.50 0.50 0.50 0.50 0.50 0.50 0.50 0.50 0.50 0.50 0.50 0.50 0.50 0.50 0.50 0.50 0.50 0.50 0.50 0.25 0.00 0.00 0.00 0.00 
0.00 0.25 0.50 0.50 0.50 0.50 0.50 0.50 0.50 0.50 0.50 0.50 0.50 0.50 0.50 0.50 0.50 0.50 0.50 0.50 0.50 0.50 0.25 0.00 0.00 0.00 0.00 
0.00 0.25 0.50 0.50 0.50 0.50 0.50 0.50 0.50 0.50 0.50 0.50 0.50 0.50 0.50 0.50 0.50 0.50 0.50 0.50 0.50 0.50 0.25 0.00 0.00 0.00 0.00 
0.00 0.25 0.50 0.50 0.50 0.50 0.50 0.50 0.50 0.50 0.50 0.50 0.50 0.50 0.50 0.50 0.50 0.50 0.50 0.50 0.50 0.50 0.25 0.00 0.00 0.00 0.00 
0.00 0.25 0.50 0.50 0.50 0.50 0.50 0.50 0.50 0.50 0.50 0.50 0.50 0.50 0.50 0.50 0.50 0.50 0.50 0.50 0.50 0.50 0.25 0.00 0.00 0.00 0.00 
0.00 0.25 0.50 0.50 0.50 0.50 0.50 0.50 0.50 0.50 0.50 0.50 0.50 0.50 0.50 0.50 0.50 0.50 0.50 0.50 0.50 0.50 0.25 0.00 0.00 0.00 0.00 
0.00 0.25 0.50 0.50 0.50 0.50 0.50 0.50 0.50 0.50 0.50 0.50 0.50 0.50 0.50 0.50 0.50 0.50 0.50 0.50 0.50 0.50 0.25 0.00 0.00 0.00 0.00 
0.00 0.25 0.50 0.50 0.50 0.50 0.50 0.50 0.50 0.50 0.50 0.50 0.50 0.50 0.50 0.50 0.50 0.50 0.50 0.50 0.50 0.50 0.25 0.00 0.00 0.00 0.00 
0.00 0.25 0.50 0.50 0.50 0.50 0.50 0.50 0.50 0.50 0.50 0.50 0.50 0.50 0.50 0.50 0.50 0.50 0.50 0.50 0.50 0.50 0.25 0.00 0.00 0.00 0.00 
0.00 0.25 0.25 0.25 0.25 0.25 0.25 0.25 0.25 0.25 0.25 0.25 0.25 0.25 0.25 0.25 0.25 0.25 0.25 0.25 0.25 0.25 0.25 0.00 0.00 0.00 0.00 
0.00 0.00 0.00 0.00 0.00 0.00 0.00 0.00 0.00 0.00 0.00 0.00 0.00 0.00 0.00 0.00 0.00 0.00 0.00 0.00 0.00 0.00 0.00 0.00 0.00 0.00 0.00 
0.00 0.00 0.00 0.00 0.00 0.00 0.00 0.00 0.00 0.00 0.00 0.00 0.00 0.00 0.00 0.00 0.00 0.00 0.00 0.00 0.00 0.00 0.00 0.00 0.00 0.00 0.00 
0.00 0.00 0.00 0.00 0.00 0.00 0.00 0.00 0.00 0.00 0.00 0.00 0.00 0.00 0.00 0.00 0.00 0.00 0.00 0.00 0.00 0.00 0.00 0.00 0.00 0.00 0.00 
0.00 0.00 0.00 0.00 0.00 0.00 0.00 0.00 0.00 0.00 0.00 0.00 0.00 0.00 0.00 0.00 0.00 0.00 0.00 0.00 0.00 0.00 0.00 0.00 0.00 0.00 0.00 

Layer 25:
0.00 0.00 0.00 0.00 0.00 0.00 0.00 0.00 0.00 0.00 0.00 0.00 0.00 0.00 0.00 0.00 0.00 0.00 0.00 0.00 0.00 0.00 0.00 0.00 0.00 0.00 0.00 
0.00 0.25 0.25 0.25 0.25 0.25 0.25 0.25 0.25 0.25 0.25 0.25 0.25 0.25 0.25 0.25 0.25 0.25 0.25 0.25 0.25 0.25 0.25 0.25 0.00 0.25 0.00 
0.00 0.25 0.25 0.25 0.25 0.25 0.25 0.25 0.25 0.25 0.25 0.25 0.25 0.25 0.25 0.25 0.25 0.25 0.25 0.25 0.25 0.25 0.25 0.25 0.00 0.25 0.00 
0.00 0.25 0.25 0.25 0.25 0.25 0.25 0.25 0.25 0.25 0.25 0.25 0.25 0.25 0.25 0.25 0.25 0.25 0.25 0.25 0.25 0.25 0.25 0.25 0.00 0.25 0.00 
0.00 0.25 0.25 0.25 0.25 0.25 0.25 0.25 0.25 0.25 0.25 0.25 0.25 0.25 0.25 0.25 0.25 0.25 0.25 0.25 0.25 0.25 0.25 0.25 0.00 0.25 0.00 
0.00 0.25 0.25 0.25 0.25 0.25 0.25 0.25 0.25 0.25 0.25 0.25 0.25 0.25 0.25 0.25 0.25 0.25 0.25 0.25 0.25 0.25 0.25 0.25 0.00 0.25 0.00 
0.00 0.25 0.25 0.25 0.25 0.25 0.25 0.25 0.25 0.25 0.25 0.25 0.25 0.25 0.25 0.25 0.25 0.25 0.25 0.25 0.25 0.25 0.25 0.25 0.00 0.25 0.00 
0.00 0.25 0.25 0.25 0.25 0.25 0.25 0.25 0.25 0.25 0.25 0.25 0.25 0.25 0.25 0.25 0.25 0.25 0.25 0.25 0.25 0.25 0.25 0.25 0.00 0.25 0.00 
0.00 0.25 0.25 0.25 0.25 0.25 0.25 0.25 0.25 0.25 0.25 0.25 0.25 0.25 0.25 0.25 0.25 0.25 0.25 0.25 0.25 0.25 0.25 0.25 0.00 0.25 0.00 
0.00 0.25 0.25 0.25 0.25 0.25 0.25 0.25 0.25 0.25 0.25 0.25 0.25 0.25 0.25 0.25 0.25 0.25 0.25 0.25 0.25 0.25 0.25 0.25 0.00 0.25 0.00 
0.00 0.25 0.25 0.25 0.25 0.25 0.25 0.25 0.25 0.25 0.25 0.25 0.25 0.25 0.25 0.25 0.25 0.25 0.25 0.25 0.25 0.25 0.25 0.25 0.00 0.25 0.00 
0.00 0.25 0.25 0.25 0.25 0.25 0.25 0.25 0.25 0.25 0.25 0.25 0.25 0.25 0.25 0.25 0.25 0.25 0.25 0.25 0.25 0.25 0.25 0.25 0.00 0.25 0.00 
0.00 0.25 0.25 0.25 0.25 0.25 0.25 0.25 0.25 0.25 0.25 0.25 0.25 0.25 0.25 0.25 0.25 0.25 0.25 0.25 0.25 0.25 0.25 0.25 0.00 0.25 0.00 
0.00 0.25 0.25 0.25 0.25 0.25 0.25 0.25 0.25 0.25 0.25 0.25 0.25 0.25 0.25 0.25 0.25 0.25 0.25 0.25 0.25 0.25 0.25 0.25 0.00 0.25 0.00 
0.00 0.25 0.25 0.25 0.25 0.25 0.25 0.25 0.25 0.25 0.25 0.25 0.25 0.25 0.25 0.25 0.25 0.25 0.25 0.25 0.25 0.25 0.25 0.25 0.00 0.25 0.00 
0.00 0.25 0.25 0.25 0.25 0.25 0.25 0.25 0.25 0.25 0.25 0.25 0.25 0.25 0.25 0.25 0.25 0.25 0.25 0.25 0.25 0.25 0.25 0.25 0.00 0.25 0.00 
0.00 0.25 0.25 0.25 0.25 0.25 0.25 0.25 0.25 0.25 0.25 0.25 0.25 0.25 0.25 0.25 0.25 0.25 0.25 0.25 0.25 0.25 0.25 0.25 0.00 0.25 0.00 
0.00 0.25 0.25 0.25 0.25 0.25 0.25 0.25 0.25 0.25 0.25 0.25 0.25 0.25 0.25 0.25 0.25 0.25 0.25 0.25 0.25 0.25 0.25 0.25 0.00 0.25 0.00 
0.00 0.25 0.25 0.25 0.25 0.25 0.25 0.25 0.25 0.25 0.25 0.25 0.25 0.25 0.25 0.25 0.25 0.25 0.25 0.25 0.25 0.25 0.25 0.25 0.00 0.25 0.00 
0.00 0.25 0.25 0.25 0.25 0.25 0.25 0.25 0.25 0.25 0.25 0.25 0.25 0.25 0.25 0.25 0.25 0.25 0.25 0.25 0.25 0.25 0.25 0.25 0.00 0.25 0.00 
0.00 0.25 0.25 0.25 0.25 0.25 0.25 0.25 0.25 0.25 0.25 0.25 0.25 0.25 0.25 0.25 0.25 0.25 0.25 0.25 0.25 0.25 0.25 0.25 0.00 0.25 0.00 
0.00 0.25 0.25 0.25 0.25 0.25 0.25 0.25 0.25 0.25 0.25 0.25 0.25 0.25 0.25 0.25 0.25 0.25 0.25 0.25 0.25 0.25 0.25 0.25 0.00 0.25 0.00 
0.00 0.25 0.25 0.25 0.25 0.25 0.25 0.25 0.25 0.25 0.25 0.25 0.25 0.25 0.25 0.25 0.25 0.25 0.25 0.25 0.25 0.25 0.25 0.25 0.00 0.25 0.00 
0.00 0.25 0.25 0.25 0.25 0.25 0.25 0.25 0.25 0.25 0.25 0.25 0.25 0.25 0.25 0.25 0.25 0.25 0.25 0.25 0.25 0.25 0.25 0.25 0.00 0.25 0.00 
0.00 0.00 0.00 0.00 0.00 0.00 0.00 0.00 0.00 0.00 0.00 0.00 0.00 0.00 0.00 0.00 0.00 0.00 0.00 0.00 0.00 0.00 0.00 0.00 0.00 0.00 0.00 
0.00 0.25 0.25 0.25 0.25 0.25 0.25 0.25 0.25 0.25 0.25 0.25 0.25 0.25 0.25 0.25 0.25 0.25 0.25 0.25 0.25 0.25 0.25 0.25 0.00 0.25 0.00 
0.00 0.00 0.00 0.00 0.00 0.00 0.00 0.00 0.00 0.00 0.00 0.00 0.00 0.00 0.00 0.00 0.00 0.00 0.00 0.00 0.00 0.00 0.00 0.00 0.00 0.00 0.00 

Layer 26:
0.00 0.00 0.00 0.00 0.00 0.00 0.00 0.00 0.00 0.00 0.00 0.00 0.00 0.00 0.00 0.00 0.00 0.00 0.00 0.00 0.00 0.00 0.00 0.00 0.00 0.00 0.00 
0.00 0.00 0.00 0.00 0.00 0.00 0.00 0.00 0.00 0.00 0.00 0.00 0.00 0.00 0.00 0.00 0.00 0.00 0.00 0.00 0.00 0.00 0.00 0.00 0.00 0.00 0.00 
0.00 0.00 0.00 0.00 0.00 0.00 0.00 0.00 0.00 0.00 0.00 0.00 0.00 0.00 0.00 0.00 0.00 0.00 0.00 0.00 0.00 0.00 0.00 0.00 0.00 0.00 0.00 
0.00 0.00 0.00 0.00 0.00 0.00 0.00 0.00 0.00 0.00 0.00 0.00 0.00 0.00 0.00 0.00 0.00 0.00 0.00 0.00 0.00 0.00 0.00 0.00 0.00 0.00 0.00 
0.00 0.00 0.00 0.00 0.00 0.00 0.00 0.00 0.00 0.00 0.00 0.00 0.00 0.00 0.00 0.00 0.00 0.00 0.00 0.00 0.00 0.00 0.00 0.00 0.00 0.00 0.00 
0.00 0.00 0.00 0.00 0.00 0.00 0.00 0.00 0.00 0.00 0.00 0.00 0.00 0.00 0.00 0.00 0.00 0.00 0.00 0.00 0.00 0.00 0.00 0.00 0.00 0.00 0.00 
0.00 0.00 0.00 0.00 0.00 0.00 0.00 0.00 0.00 0.00 0.00 0.00 0.00 0.00 0.00 0.00 0.00 0.00 0.00 0.00 0.00 0.00 0.00 0.00 0.00 0.00 0.00 
0.00 0.00 0.00 0.00 0.00 0.00 0.00 0.00 0.00 0.00 0.00 0.00 0.00 0.00 0.00 0.00 0.00 0.00 0.00 0.00 0.00 0.00 0.00 0.00 0.00 0.00 0.00 
0.00 0.00 0.00 0.00 0.00 0.00 0.00 0.00 0.00 0.00 0.00 0.00 0.00 0.00 0.00 0.00 0.00 0.00 0.00 0.00 0.00 0.00 0.00 0.00 0.00 0.00 0.00 
0.00 0.00 0.00 0.00 0.00 0.00 0.00 0.00 0.00 0.00 0.00 0.00 0.00 0.00 0.00 0.00 0.00 0.00 0.00 0.00 0.00 0.00 0.00 0.00 0.00 0.00 0.00 
0.00 0.00 0.00 0.00 0.00 0.00 0.00 0.00 0.00 0.00 0.00 0.00 0.00 0.00 0.00 0.00 0.00 0.00 0.00 0.00 0.00 0.00 0.00 0.00 0.00 0.00 0.00 
0.00 0.00 0.00 0.00 0.00 0.00 0.00 0.00 0.00 0.00 0.00 0.00 0.00 0.00 0.00 0.00 0.00 0.00 0.00 0.00 0.00 0.00 0.00 0.00 0.00 0.00 0.00 
0.00 0.00 0.00 0.00 0.00 0.00 0.00 0.00 0.00 0.00 0.00 0.00 0.00 0.00 0.00 0.00 0.00 0.00 0.00 0.00 0.00 0.00 0.00 0.00 0.00 0.00 0.00 
0.00 0.00 0.00 0.00 0.00 0.00 0.00 0.00 0.00 0.00 0.00 0.00 0.00 0.00 0.00 0.00 0.00 0.00 0.00 0.00 0.00 0.00 0.00 0.00 0.00 0.00 0.00 
0.00 0.00 0.00 0.00 0.00 0.00 0.00 0.00 0.00 0.00 0.00 0.00 0.00 0.00 0.00 0.00 0.00 0.00 0.00 0.00 0.00 0.00 0.00 0.00 0.00 0.00 0.00 
0.00 0.00 0.00 0.00 0.00 0.00 0.00 0.00 0.00 0.00 0.00 0.00 0.00 0.00 0.00 0.00 0.00 0.00 0.00 0.00 0.00 0.00 0.00 0.00 0.00 0.00 0.00 
0.00 0.00 0.00 0.00 0.00 0.00 0.00 0.00 0.00 0.00 0.00 0.00 0.00 0.00 0.00 0.00 0.00 0.00 0.00 0.00 0.00 0.00 0.00 0.00 0.00 0.00 0.00 
0.00 0.00 0.00 0.00 0.00 0.00 0.00 0.00 0.00 0.00 0.00 0.00 0.00 0.00 0.00 0.00 0.00 0.00 0.00 0.00 0.00 0.00 0.00 0.00 0.00 0.00 0.00 
0.00 0.00 0.00 0.00 0.00 0.00 0.00 0.00 0.00 0.00 0.00 0.00 0.00 0.00 0.00 0.00 0.00 0.00 0.00 0.00 0.00 0.00 0.00 0.00 0.00 0.00 0.00 
0.00 0.00 0.00 0.00 0.00 0.00 0.00 0.00 0.00 0.00 0.00 0.00 0.00 0.00 0.00 0.00 0.00 0.00 0.00 0.00 0.00 0.00 0.00 0.00 0.00 0.00 0.00 
0.00 0.00 0.00 0.00 0.00 0.00 0.00 0.00 0.00 0.00 0.00 0.00 0.00 0.00 0.00 0.00 0.00 0.00 0.00 0.00 0.00 0.00 0.00 0.00 0.00 0.00 0.00 
0.00 0.00 0.00 0.00 0.00 0.00 0.00 0.00 0.00 0.00 0.00 0.00 0.00 0.00 0.00 0.00 0.00 0.00 0.00 0.00 0.00 0.00 0.00 0.00 0.00 0.00 0.00 
0.00 0.00 0.00 0.00 0.00 0.00 0.00 0.00 0.00 0.00 0.00 0.00 0.00 0.00 0.00 0.00 0.00 0.00 0.00 0.00 0.00 0.00 0.00 0.00 0.00 0.00 0.00 
0.00 0.00 0.00 0.00 0.00 0.00 0.00 0.00 0.00 0.00 0.00 0.00 0.00 0.00 0.00 0.00 0.00 0.00 0.00 0.00 0.00 0.00 0.00 0.00 0.00 0.00 0.00 
0.00 0.00 0.00 0.00 0.00 0.00 0.00 0.00 0.00 0.00 0.00 0.00 0.00 0.00 0.00 0.00 0.00 0.00 0.00 0.00 0.00 0.00 0.00 0.00 0.00 0.00 0.00 
0.00 0.00 0.00 0.00 0.00 0.00 0.00 0.00 0.00 0.00 0.00 0.00 0.00 0.00 0.00 0.00 0.00 0.00 0.00 0.00 0.00 0.00 0.00 0.00 0.00 0.00 0.00 
0.00 0.00 0.00 0.00 0.00 0.00 0.00 0.00 0.00 0.00 0.00 0.00 0.00 0.00 0.00 0.00 0.00 0.00 0.00 0.00 0.00 0.00 0.00 0.00 0.00 0.00 0.00 

